41
171
142
771
414
114
471
210
2
11
201
103
110
41
711
312
40
101
247
31
101
411
117
710
411
130
103
731
71
130
1
110
143
14
111
411
710
313
703
730
170
111
11
101
140
100
41
111
211
113
117
173
337
10
212
713
471
110
101
101
173
74
73
11
1
2
710
0
110
41
17
214
11
111
211
311
277
141
201
112
320
110
421
714
170
117
1
711
413
0
170
301
141
141
301
421
121
102
724
173
441
174
311
11
177
1
113
111
437
712
411
32
120
224
104
700
210
111
102
104
741
310
777
137
770
447
113
741
112
12
14
131
11
2
347
71
101
170
321
310
112
171
12
720
741
111
447
203
41
713
0
127
710
410
311
217
11
424
311
320
11
100
31
0
217
22
101
70
7
111
11
11
201
374
270
301
110
30
121
421
411
1
11
114
171
111
412
317
13
10
103
102
110
1
712
114
127
432
21
302
141
113
431
10
171
11
110
441
731
111
101
711
224
1
31
314
273
711
171
103
311
111
410
310
414
730
111
10
120
34
112
400
340
211
137
113
210
11
114
117
10
124
123
134
112
111
71
120
11
317
171
11
724
711
101
14
201
172
313
401
171
310
14
41
70
110
10
7
143
304
7
21
133
173
310
777
137
200
412
701
703
242
117
247
131
302
41
113
420
737
102
111
311
410
110
411
44
14
741
111
132
321
370
111
311
101
102
77
70
711
104
24
170
371
204
11
211
311
111
432
421
124
143
411
120
17
710
231
110
417
124
41
113
732
127
113
311
10
113
122
10
33
113
127
10
271
170
131
140
201
224
20
124
372
370
410
317
10
113
772
21
231
123
441
110
123
111
20
441
410
141
713
34
214
721
111
41
10
101
271
123
112
137
471
711
103
171
310
727
100
111
411
177
100
414
173
404
170
277
112
111
30
131
101
104
201
711
171
711
330
114
411
24
231
131
201
147
10
120
110
11
110
112
141
241
133
140
714
301
110
201
140
270
401
114
121
200
410
107
231
404
441
140
13
721
130
21
474
707
171
704
313
101
112
13
102
211
10
430
741
173
302
104
144
137
2
11
101
170
117
74
710
100
113
131
111
111
147
111
112
403
431
401
127
70
71
443
130
170
173
321
413
414
71
14
11
311
20
234
111
14
711
270
741
21
201
311
110
112
73
101
121
241
101
317
131
133
37
110
410
471
400
173
431
230
13
14
17
41
1
113
177
711
220
173
134
112
111
30
113
272
444
101
700
1
111
171
471
140
301
100
131
171
240
121
111
100
401
332
230
704
101
230
130
100
301
314
171
104
11
121
732
771
170
731
11
11
114
711
1
7
340
130
411
202
71
344
111
207
327
401
170
421
110
172
21
140
301
131
110
71
731
341
724
111
111
141
210
11
101
1
141
11
2
113
433
104
17
211
142
742
140
300
101
111
412
311
241
770
111
211
231
77
717
40
423
301
111
121
113
112
211
42
700
117
110
131
11
213
112
131
32
470
711
101
111
374
311
110
111
111
113
303
113
411
120
114
131
174
201
147
122
37
131
111
210
111
211
7
201
17
101
300
702
71
277
10
111
103
270
110
401
107
274
711
401
713
130
112
121
110
412
101
111
114
170
133
104
10
417
104
334
170
30
12
311
123
731
101
101
71
401
102
301
102
101
4
211
174
120
434
313
121
122
111
404
411
417
44
124
113
312
131
370
111
411
134
114
111
73
443
410
130
243
111
30
101
30
17
113
114
0
120
171
233
704
421
1
321
101
214
117
22
711
134
171
441
344
133
211
111
310
121
171
311
710
11
230
40
700
113
212
442
111
442
107
100
711
71
410
112
110
110
141
171
441
114
311
123
143
123
114
710
741
321
110
311
131
111
132
172
711
410
400
111
211
11
240
171
21
147
703
104
111
127
113
111
111
10
770
112
121
117
10
311
111
111
704
41
40
341
111
114
103
711
111
11
131
370
117
741
123
111
11
711
402
132
111
410
404
431
132
111
71
171
204
110
343
120
121
214
412
70
110
113
4
411
210
171
120
317
131
17
11
321
411
421
107
11
100
311
170
312
100
111
1
443
470
411
312
412
310
442
123
140
217
44
111
111
272
203
201
110
172
774
107
710
213
110
131
471
111
213
411
130
120
12
101
20
314
301
273
310
11
110
341
312
771
10
10
142
41
130
317
21
313
371
747
111
14
107
141
120
131
111
311
22
102
747
704
117
741
113
173
1
240
314
121
111
121
311
107
114
11
113
313
402
171
141
711
4
311
711
403
101
410
210
141
404
112