133
114
111
314
127
147
743
741
412
727
317
473
314
274
173
223
231
317
224
712
411
473
424
147
724
432
334
244
142
472
744
477
327
217
127
234
114
441
112
722
423
134
747
227
772
243
417
413
113
212
411
341
174
417
312
113
473
347
724
434
374
122
721
774
737
741
422
122
721
233
432
434
431
443
241
473
324
431
221
232
122
414
121
724
473
377
222
211
477
114
237
734
331
373
441
314
243
474
122
411
214
237
417
721
433
174
731
327
442
424
432
324
171
247
227
441
474
233
114
311
713
743
233
737
423
311
342
773
747
112
222
441
447
247
477
214
132
722
731
321
321
223
424
142
337
373
771
171
213
274
772
122
223
322
712
747
442
471
737
131
127
211
343
321
447
732
334
444
732
417
242
177
111
211
343
222
211
173
474
222
342
372
331
717
321
733
773
742
331
342
274
312
347
373
332
321
313
244
372
714
414
117
443
223
724
244
234
111
227
421
177
723
311
747
123
773
172
122
231
124
212
211
427
137
434
142
443
473
141
732
234
177
244
374
121
723
113
444
777
144
124
271
411
222
713
441
314
373
441
731
241
113
474
734
733
177
173
422
413
211
232
734
317
741
221
422
442
113
227
777
334
422
127
312
747
312
474
424
414
473
121
374
441
774
747
732
721
377
233
172
372
732
321
411
737
334
223
332
171
171
247
142
723
342
177
134
317
177
431
747
143
723
477
212
437
421
424
717
724
737
747
433
333
713
472
277
341
174
324
121
123
332
732
741
714
412
333
132
437
234
471
447
723
737
413
772
432
372
244
272
474
344
234
744
174
132
341
343
421
137
137
443
717
333
344
313
232
317
322
322
727
224
731
333
123
177
434
447
174
114
773
224
312
121
717
443
443
721
134
274
344
777
432
373
421
224
434
413
143
377
477
374
734
773
311
334
214
121
331
124
343
712
742
372
371
343
112
122
711
144
133
112
724
423
474
237
312
233
142
247
272
444
417
274
311
174
732
721
441
474
243
317
114
141
341
273
771
712
732
124
724
473
277
313
132
112
447
344
173
143
231
213
772
271
474
427
247
347
413
271
211
444
227
172
274
333
422
413
732
737
124
472
144
273
432
317
772
271
243
272
414
423
372
374
431
724
117
312
443
342
744
427
337
717
717
313
321
124
441
472
723
237
417
771
271
411
127
242
111
123
132
474
133
244
434
213
774
224
347
123
414
773
173
213
432
344
427
434
412
414
713
477
424
234
121
212
723
722
737
141
147
747
137
372
424
337
317
333
111
137
177
211
133
277
724
173
437
434
774
733
274
341
337
311
314
112
341
272
232
222
131
344
143
312
442
242
312
121
723
447
117
231
333
113
444
141
473
434
347
324
471
327
432
744
224
444
341
171
123
273
313
341
731
271
713
147
124
414
177
277
173
114
237
731
477
412
327
727
772
431
724
424
171
432
243
331
731
134
711
712
423
721
177
314
723
771
213
347
342
244
733
437
447
332
741
447
273
413
377
471
372
134
327
233
432
417
231
313
732
432
171
231
742
211
111
714
421
333
421
177
343
237
137
472
277
227
713
114
341
422
744
124
242
343
377
737
221
334
232
137
713
432
712
473
347
113
333
732
444
242
111
117
123
237
272
312
337
732
433
731
413
171
227
342
271
327
774
224
341
224
271
733
217
342
747
211
713
321
137
142
714
247
131
111
213
244
141
144
732
232
322
437
244
241
331
274
433
117
433
712
713
472
374
231
437
137
714
212
113
174
341
174
317
417
422
322
172
413
734
134
312
234
131
423
213
211
411
344
342
124
134
221
211
422
277
411
347
432
241
727
331
377
347
334
442
432
431
212
243
322
471
214
141
173
724
171
711
313
134
734
213
711
477
134
137
217
314
777
233
122
437
277
327
342
244
237
211
221
322
241
133
473
274
217
333
327
111
241
124
247
344
724
371
233
713
343
114
277
217
127
771
144
341
121
221
471
327
133
437
127
134
173
313
723
774
217
127
417
344
724
744
174
343
144
277
237
177
312
224
211
417
723
731
142
277
442
471
443
113
741
112
733
232
242
177
311
237
217
341
713
221
131
434
733
223
137
771
134
217
342
723
373
741
311
443
711
441
737
313
741
214
344
727
327
417
717
774
234
341
222
312
142
374
134
132
112
322
142
337
274
271
471
122
127
274
217
212
372
141
411
331
417
714
132
421
372
771
441
731
712
231
132
377
212
721
471
422
722
213
432
711
731
477
221
344
412
137
432
424
711
712
274
122
221
331
731
134
174
422
442
