133
403
737
101
123
174
22
414
273
37
120
744
740
701
103
134
117
417
137
471
424
203
14
421
201
342
37
477
722
473
2
13
303
273
102
477
312
373
24
323
111
737
211
71
410
730
731
103
31
411
144
134
101
702
743
202
702
173
730
774
773
37
27
414
433
101
702
701
300
43
12
273
244
102
72
71
312
3
20
104
201
277
727
414
443
344
0
714
247
247
100
320
773
124
123
204
41
717
42
117
333
2
141
171
474
44
71
304
270
10
213
324
747
321
271
423
233
23
173
317
73
220
0
131
702
437
232
277
147
377
104
100
210
241
317
470
374
323
137
77
77
117
147
472
303
31
14
304
721
474
217
312
74
241
144
207
373
442
2
413
24
347
340
324
407
373
321
414
333
222
214
132
372
231
470
372
30
473
407
140
104
472
744
270
271
312
724
314
700
27
233
427
233
727
77
17
277
377
730
434
214
100
707
342
322
111
417
742
222
103
104
103
704
400
111
413
421
723
131
11
214
77
733
211
333
122
1
400
442
121
330
730
337
241
313
201
147
237
242
743
737
317
123
210
103
344
321
400
322
404
22
42
472
717
707
307
104
330
320
344
122
202
417
734
772
331
244
714
213
441
12
401
371
377
107
317
202
431
177
201
441
222
112
442
174
413
43
112
343
27
32
331
237
207
344
322
340
727
200
272
231
142
203
714
721
330
40
341
700
737
114
140
324
323
217
732
131
113
144
371
107
274
713
733
34
34
720
7
374
121
270
217
404
772
317
740
220
711
307
233
741
430
437
237
740
471
744
740
213
43
223
243
144
111
422
442
122
772
147
372
32
204
117
273
337
417
472
242
3
311
332
313
237
204
301
414
47
710
233
143
430
111
240
733
234
770
142
211
101
243
701
100
404
207
277
377
702
277
743
347
713
373
34
40
444
102
344
710
437
437
133
474
732
430
727
302
340
374
141
742
42
433
413
737
744
414
700
74
707
733
402
34
307
2
221
233
10
13
404
413
114
244
143
413
202
770
272
41
412
113
230
743
243
204
311
170
212
307
401
433
223
447
447
110
721
773
170
703
472
303
404
71
14
47
740
444
330
403
73
244
72
447
427
371
340
371
143
270
221
411
172
124
712
333
101
330
72
733
421
372
177
73
204
734
213
21
34
311
121
102
343
210
747
104
107
213
317
477
274
344
111
172
272
31
330
222
4
407
440
130
13
710
774
723
244
324
303
22
110
447
311
27
441
211
430
3
172
730
334
22
302
437
240
322
431
314
7
220
420
440
7
732
341
740
377
203
323
72
220
213
744
733
140
770
471
773
300
100
300
224
112
102
327
233
327
403
341
73
343
0
730
711
727
471
772
234
102
733
70
170
771
221
414
412
231
233
74
431
222
77
241
40
421
244
727
440
20
707
100
31
204
237
10
143
700
24
304
171
774
272
131
120
427
273
431
132
221
423
740
127
712
773
143
3
213
430
271
130
14
274
727
422
404
212
224
347
40
1
32
201
420
144
302
370
143
302
272
414
133
733
120
422
432
121
120
24
334
744
134
237
27
170
172
774
103
42
2
74
314
43
210
144
402
44
732
271
102
10
407
2
770
120
403
271
207
117
430
73
421
172
371
403
704
214
202
222
244
341
101
21
713
114
704
774
442
271
333
211
343
174
447
443
1
143
207
237
400
212
22
311
340
477
434
477
213
422
471
777
114
124
402
244
720
222
141
240
324
443
43
747
17
743
174
74
340
21
343
403
241
721
237
230
107
273
421
207
244
101
347
22
712
324
113
207
417
443
704
404
321
213
440
17
41
331
17
702
173
123
270
710
713
244
733
40
304
744
77
37
707
224
221
377
314
317
377
27
433
113
421
404
747
327
174
313
71
412
717
10
443
772
342
741
304
1
31
303
721
143
704
703
432
404
742
371
707
211
424
140
470
214
170
111
401
223
73
443
437
240
237
324
443
271
174
327
243
377
377
424
471
221
730
723
12
123
707
273
702
201
413
133
31
242
202
240
247
2
232
407
40
701
440
113
347
13
212
337
421
241
133
442
147
724
327
202
420
241
712
232
371
430
213
444
217
202
373
114
102
233
333
370
427
17
377
372
704
732
113
212
432
403
700
740
30
127
473
170
144
703
771
722
170
712
310
12
323
172
414
437
771
230
407
427
472
41
702
323
177
300
431
713
142
700
423
47
414
101
127
137
120
722
372
247
330
331
201
230
104
747
20
220
717
317
730
310
320
447
412
177
740
232
730
20
740
443
447
434
377
144
334
342
