1074
3214
3741
3134
4031
470
2437
3177
173
7212
14
4732
3321
4111
7442
2733
1402
2423
4740
7471
4777
2240
7103
7107
7324
7771
7700
100
4347
702
4001
102
4713
1011
373
7141
3374
7004
4721
201
4032
7707
7413
4002
2070
3014
2403
2274
4313
7117
2003
1332
703
727
4372
3211
3431
3242
4007
4322
1007
7223
4001
2224
744
7113
4230
7300
2317
2124
3113
7403
1437
1202
3437
311
7230
7002
3712
4377
4724
7210
1000
3273
2207
2220
3441
3304
3027
1342
4417
3030
243
1304
2311
7002
7770
2441
2423
773
220
3724
7000
13
3123
4412
30
7223
3110
2737
4044
4041
324
1077
3170
7337
3732
4770
7123
7743
4722
3233
4404
4371
3221
4202
1007
141
4100
4044
1420
1107
242
21
1201
7174
7147
1342
1701
4772
422
4100
3044
7714
3073
344
2471
1404
1124
1721
303
7701
232
7227
333
4403
1321
4402
1717
2442
3370
2137
4104
4131
422
24
2134
2447
3222
722
4032
3330
1210
2241
2010
3104
1177
7440
7321
2213
7442
4073
2477
7404
7031
1327
4744
7332
3470
7731
2001
7410
7720
4301
7107
2314
1070
2374
3230
3431
321
1022
1742
3437
1172
3720
7424
4321
4441
2131
4171
7072
73
3722
2414
177
3010
4000
3772
1410
7217
2113
2221
4120
3072
2344
1107
1124
2421
7431
7011
720
4120
1214
402
121
731
4714
3347
2101
2227
2320
2121
3110
3134
2002
7220
7373
4101
7723
7470
11
3227
130
2230
3771
2432
4342
3443
710
3073
2232
3047
2011
4741
7237
7413
1313
7374
4432
4304
3177
224
7200
212
2331
1027
7047
37
2274
4322
712
1302
1
3247
4232
320
2343
2733
2314
1103
7714
1270
2024
2414
4020
3247
7440
771
3271
3400
2177
1123
713
4437
1201
2112
724
1333
703
734
70
1327
1100
2444
3074
4347
4074
1030
4433
3234
7323
207
7142
473
2277
7400
2447
2214
171
4111
4730
1041
2302
7734
7243
3377
1421
4072
3337
101
7443
4700
7700
7224
2012
4073
40
7404
4413
3143
2420
173
3311
41
771
2273
2121
2202
4772
7474
2341
4027
2714
4122
3237
4203
1401
3124
1703
1442
1341
1731
433
127
7773
4314
7144
410
7311
331
2432
2444
2773
7011
2404
3710
4411
314
7321
3272
3201
237
2110
3347
1317
1327
1070
2743
4424
2344
2314
4742
1712
2124
2432
2300
7371
3700
7227
7074
3422
7340
2424
1277
2202
2227
3011
4433
1322
3242
2427
3702
1414
1247
7141
2034
1141
1770
4132
3372
317
7412
3224
240
3103
411
333
3373
1734
1134
7244
2202
1717
4707
4112
237
7077
2720
1243
7133
1703
2713
4032
3773
71
734
4034
1174
233
2200
1022
300
7071
7433
7340
3742
7313
4104
2240
2
2343
3214
2371
4274
2140
4214
2014
2331
4120
237
4447
3024
3340
4340
2733
2400
3342
1723
7372
1211
2272
4137
1347
27
3307
172
2702
3031
7043
3344
7420
3030
1017
212
2343
3324
1734
2234
301
211
3102
7437
2307
207
4734
4027
3733
7411
2012
2427
3133
311
4210
4443
1777
7103
3303
4111
1131
3447
32
7222
4202
7714
370
2121
4221
7714
4101
4101
74
7032
3071
1017
2712
7220
7227
1074
721
3041
7340
1222
1472
7417
4433
4442
2374
3004
1372
4100
3127
4214
3472
300
302
2007
4074
1274
2222
3023
2244
131
212
2340
3473
4714
1114
3240
1234
4731
1323
3134
4340
4
770
4031
7111
2037
2700
4710
1004
3324
1173
7202
7340
770
2217
3117
4347
1772
1222
3021
2344
1270
4711
2370
3221
3001
7117
2411
3274
1711
4422
3247
443
3777
3230
7213
7373
47
1403
1027
7222
2220
1203
1170
7010
434
2430
433
2413
3714
7127
27
1043
1307
4012
3114
4417
243
270
7307
213
1721
2342
4431
3202
331
737
1177
4034
2131
1172
1270
1471
3733
2107
7320
4410
73
3142
4323
3414
2242
4043
1233
4122
2124
34
4231
7344
102
7140
224
3112
2720
7300
7100
3074
7712
131
4120
7110
3037
1414
7241
3321
7477
2212
2404
3113
2143
2344
4070
7432
2727
4424
7143
2330
2470
2711
7177
3201
7417
3321
3472
1212
2070
3221
4177
7140
1417
4213
2002
1270
3117
114
4043
2420
2407
7703
1771
1370
7271
7130
3710
171
1070
2722
7302
7003
34
442
774
7077
7304
4747
3472
2010
4020
721
7173
4727
411
1204
747
3344
3441
4402
3123
1707
2411
2474
7347
1107
4371
1002
2410
1244
3423
7131
7074
10
4324
47
4222
3427
1027
7704
1337
4124
7423
2132
4307
314
1473
3070
1122
7043
770
7771
4301
7117
247
7031
1
717
7347
1071
1137
2172
7373
4744
1034
3424
2707
3320
7047
1743
4717
7334
4134
7110
1243
1773
2722
2322
1110
3030
2077
4123
2012
1114
7400
703
3703
4700
332
1222
3772
4127
1324
1072
2742
731
1413
3173
7347
774
4427
1740
1713
1372
1000
4002
4100
2341
717
1040
3471
7342
173
7337
7402
4321
2230
741
2414
3242
7302
7701
337
2130
4434
4331
1711
421
2721
2734
1703
1134
1137
211
3003
7434
7413
1273
1103
7370
1303
710
272
1121
4230
1442
1404
3721
2132
1077
43
2723
1701
307
7112
7777
3377
2043
4234
7304
1172
32
3477
170
423
3312
3124
7243
4024
7040
1102
342
4432
332
2210
1312
3111
7742
4342
3301
7204
4712
1423
2477
4170
1211
4472
7771
741
401
3110
2311
2770
147
7274
2704
22
4743
7477
230
7713
4371
4371
7272
7277
4227
3131
4234
3737
4112
307
1011
2733
4720
1322
7437
3730
7002
4433
7400
7771
2701
7721
1117
1770
2772
2342
1030
4217
4772
4214
4233
7033
1101
2474
3100
422
724
477
127
1140
2223
4440
30
1423
3410
2073
7174
1404
7471
4420
4324
3733
2721
3214
3437
7432
7123
4113
1114
4170
2142
7713
2102
1321
7142
7700
2317
4444
3410
7047
7712
3110
237
1234
7322
74
2413
4273
3200
1040
7347
4112
7741
272
4711
2401
2211
3077
2244
1420
1411
3177
733
7442
723
7737
3442
2303
7212
3004
1714
4030
201
4124
3320
2723
4212
4410
7424
3232
2233
7071
4477
2373
4700
7017
2704
4237
241
2173
70
107
2701
1472
3237
304
2470
7020
1477
7372
4334
1737
7131
2440
7301
2331
1024
1040
2717
4317
2340
3071
4442
3111
7241
3141
7127
4044
4112
4031
3222
474
402
2020
1024
3431
3413
2340
2240
1110
7127
1012
4317
2000
4737
3773
444
1221
3443
1773
423
3737
4030
7311
343
4411
4004
1131
4730
4141
1242
3277
2207
1000
4723
133
1421
3324
7443
122
311
4207
3240
277
227
1702
4703
71
1273
3247
134
4304
2431
433
7327
7100
171
4712
300
4704
2331
4133
3413
171
3003
441
2211
4270
2421
2300
2722
1473
2103
2443
4224
2220
1320
7701
1744
7343
2130
120
3472
3377
3702
4312
1131
7141
4424
7743
414
2212
1027
7733
3131
1040
2473
203
1220
7211
7021
2473
34
3411
4012
2233
3234
2021
4212
1724
3342
7420
3714
3034
4473
2223
2133
2040
4711
7430
4241
3721
3141
7272
3737
322
2742
1022
1313
2123
3131
2400
12
1070
7143
3411
7431
313
32
3314
4732
4074
720
4031
407
1137
2172
7017
1217
7343
1114
1272
221
1134
7277
101
7144
1070
4117
7212
7314
1044
1411
213
7024
2140
3427
3220
4372
2471
2433
1001
7170
3174
7011
2741
2020
72
1774
7072
420
3707
312
1033
1341
1477
412
7237
2410
4270
4740
2077
7404
2117
2710
231
174
3141
7101
7344
1372
1241
3234
4724
7220
420
2327
2007
3331
7471
1433
1233
1174
434
2702
2442
2132
740
7123
1031
3471
4740
7432
1171
3744
3747
2433
3314
772
7227
7332
3107
100
322
4047
3073
77
3007
2047
7320
1774
3322
3272
131
7412
323
434
2713
4301
3031
4420
3317
1473
3707
1722
2104
1320
1740
1747
1441
2070
2031
4032
737
4331
2020
2337
70
1731
1744
2371
2107
7413
7031
334
4414
7342
1374
7213
424
2302
1437
1307
7127
712
2447
4004
3203
7213
4430
1101
744
1423
7127
2120
402
1230
1047
2120
3473
7410
7407
2231
3341
3273
1141
7714
3314
1407
431
2040
2400
3731
3014
7442
4311
7013
3723
4342
3200
7017
1071
3721
7032
7341
3742
277
4033
4323
7177
2410
400
3101
3310
23
7424
1771
7124
4720
3323
1304
4221
1374
2411
10
1441
2703
3740
1301
4020
2337
4700
7374
1200
2074
2047
303
3472
7170
7030
3234
4372
3003
2430
2001
3314
4027
3201
7443
7131
7270
7732
41
2700
1177
271
310
1014
7147
4273
7341
7471
4372
7421
3741
1143
1411
4017
1124
1111
711
2422
4101
4210
2444
4077
1043
4070
7217
7331
402
3440
2470
3441
2220
3142
1322
3111
2117
1270
4021
4071
2240
4401
3777
3421
4077
4211
707
1704
1472
1033
3170
2413
1031
1120
44
3370
4432
7731
1702
3301
3322
313
743
117
7173
3044
4127
2313
1407
171
1272
2747
7022
4044
734
444
7202
2732
4041
3332
4323
1311
2007
7473
2240
7072
2337
2140
4771
1710
2010
2474
1131
322
3474
7143
300
2421
4372
1003
1314
713
1102
2731
1433
113
4170
2173
2132
4732
2073
7370
1137
143
7740
2324
2122
3110
1423
1073
4343
1007
2227
4374
722
722
7731
3277
4737
1170
1121
4321
1400
720
4722
3470
4721
2110
434
1441
1310
1441
7407
2427
2371
4122
4371
7330
4340
1323
4001
4027
3740
3712
4031
3323
1721
7414
1703
2344
1120
7704
1020
1407
4234
4022
7471
3302
133
1413
1471
120
3207
112
2320
1713
4227
70
2422
3122
4222
43
4447
3400
2221
3237
1322
3337
1774
1312
4273
3310
4773
4442
2217
3032
7044
2077
7731
2430
7740
3020
3712
4107
2170
2341
2777
7474
2307
3017
3471
3223
1771
7174
7337
7120
3443
1034
7127
4703
7331
7012
2107
7247
2722
4073
7244
2223
2213
2434
7407
7243
7740
3201
1300
103
7473
2473
1024
1704
7723
4331
4173
420
2110
3277
1342
1473
4272
1414
1171
312
2471
4311
3140
2440
1212
370
4244
2713
4737
2431
327
1314
7133
1214
1440
34
1770
31
4044
1713
4027
1772
3422
4211
1227
7404
1477
3722
1271
2443
4337
422
4444
7132
1022
1377
2311
1727
221
1131
3142
3304
3233
2444
4441
4312
42
7270
1733
7434
1443
1720
3372
3421
2322
7241
4030
2173
3331
2717
4112
3170
1300
121
1777
2171
4270
1440
1121
1440
30
3214
4431
7443
471
1742
34
1471
7717
1422
2211
1174
17
720
1334
2327
7703
42
3424
3247
2221
2470
4210
1207
2
4020
134
7204
4734
3132
4421
1174
2010
7000
4401
4340
1713
2231
2340
4031
3730
7374
7774
441
342
3337
12
4112
1212
2404
4110
3300
314
2227
1742
3422
1171
170
440
4007
713
4210
2322
7401
2740
3774
3243
7212
1234
3477
3704
1242
3141
1017
2240
7231
270
7300
1021
2743
4732
4244
3133
4332
2424
3344
2431
7144
7210
7024
2473
1317
1023
117
3332
100
2213
1104
7113
4444
1110
1300
2427
307
3107
3173
3430
3422
7021
7220
7243
3421
2477
3047
2444
1713
2207
332
3744
4321
114
7271
7033
7333
4714
2333
104
1137
4144
4430
7377
1072
4734
3427
2232
1731
1311
1330
1132
7430
7271
2304
7340
71
7373
3271
2711
2722
7170
2712
71
3233
7707
3730
1321
4741
4344
432
7440
7720
2402
3231
1407
7322
2273
1400
321
4340
3371
2433
422
7124
7021
3431
2332
2234
4427
737
3077
2723
1402
3131
4213
1710
3441
7741
3121
271
3034
7041
3172
1034
2723
2072
7043
141
43
3402
1311
2107
3300
2270
201
4747
7301
2103
4304
1244
4420
7434
4721
7723
30
7103
4711
777
130
1142
2323
1071
1202
1747
2427
1031
7731
4104
7124
1771
4733
4474
2413
7013
7430
1304
3733
3312
2437
2033
3240
1124
104
710
3411
7341
343
3030
4037
1410
1340
7723
202
3770
222
1123
2337
3344
122
3710
3021
1170
4424
327
1023
2171
3470
7143
2000
244
1113
3334
1472
400
3077
4224
7004
7304
2371
2777
1444
2100
4722
1000
1014
1273
1337
3132
3077
4417
143
4022
4713
3204
3237
2031
7433
7000
77
2247
4403
4004
3142
3313
4321
400
412
4102
443
420
7107
3130
1744
4070
3731
7102
4113
4471
1132
2724
1703
7112
2302
1210
1200
3470
7772
7423
1217
3441
1331
717
7703
4722
144
7211
4034
7234
7021
2334
7334
2437
3322
2130
7240
2347
772
72
4711
2721
7114
3470
1072
4420
2444
1174
3310
2212
4743
4041
1341
2231
3721
7337
207
1123
1227
122
2414
3023
3744
2427
2101
4101
7174
3104
2132
7024
2714
4431
373
3247
4111
7214
272
1272
7424
4224
2410
2047
7732
7717
4370
0
3327
2401
1314
1370
410
7270
123
233
4212
231
4772
7271
7300
7033
3232
2332
4724
2721
7344
2710
7724
21
1042
7730
2441
4711
1720
203
2201
3074
7374
3130
3377
7237
3401
4037
3720
717
1701
1731
2700
2102
307
3334
1272
3300
3744
2044
3212
147
4307
7432
2340
3102
3220
1424
207
4707
3210
1471
4471
2420
1732
423
13
272
7102
2417
1131
4720
4017
2447
2342
1422
3342
1744
743
4211
7427
3371
4403
220
1003
4742
3473
1724
2704
1
4312
7032
1212
4303
7734
1207
7117
4121
410
1121
141
371
1422
2003
4277
1227
1213
4707
32
7123
334
2043
2033
7241
4223
177
4213
7707
4003
114
4472
2223
3474
30
4232
7223
7424
4304
7337
7120
2422
3240
1203
1121
4271
4430
717
3042
3124
2313
3307
1744
4334
4401
1034
403
3244
1707
7474
3234
1777
3031
110
7210
7174
4323
1212
137
7132
7047
301
7314
4423
1031
1047
4337
1372
1417
7444
7077
3323
3201
2404
133
1433
2373
410
4720
1200
4373
1731
1421
3227
442
3113
7473
23
1273
7330
1074
4334
1473
701
3007
3412
2102
7101
3407
2402
4020
1240
7442
3437
1204
2127
1427
2422
2143
123
7304
7001
3237
1313
1313
721
2007
1773
1343
4302
1271
2033
4033
2234
1740
4241
2701
3413
7702
3310
1000
2127
707
1770
4374
3041
3307
1272
1207
4227
7411
2310
330
1244
1413
1201
42
4270
2341
2202
2272
7373
3127
330
2143
7111
1423
7200
2072
7433
3217
3472
327
1371
1421
172
1742
3113
1447
1430
200
7200
7424
3130
1333
447
4744
2737
3211
1122
3177
177
4170
1413
1713
424
3370
7472
4731
4272
4111
31
3234
122
7347
1342
4773
421
3304
2471
4414
1474
4472
131
1370
2720
4742
2727
2730
4277
1144
432
3402
472
3072
1107
3700
232
7417
4371
2274
4171
772
1433
443
713
3333
4024
1404
7211
7337
11
3077
3321
7043
174
2174
2437
1437
4724
2111
3371
1174
447
7117
1204
3130
7720
2301
1372
3202
0
7012
1144
2270
272
4300
3341
4333
3004
320
3441
2210
2711
4141
7144
2102
3743
4031
2344
1734
4173
4717
3447
3720
3410
1400
4447
4011
3772
3734
171
300
3230
4714
1240
271
2471
132
3240
710
1370
174
4001
1402
1041
2017
7227
1742
4417
3773
274
3224
3731
1412
1314
2321
170
113
3032
2341
272
2714
1037
2321
1
1341
4230
2422
4201
3034
2241
3132
3237
4070
1143
323
327
4713
7404
3224
471
7324
1427
113
2377
4417
73
7121
7722
1073
7134
14
4207
7037
4
7172
413
1412
142
1400
7310
1737
737
3707
4130
4441
7241
7334
1731
240
1132
3241
77
1437
312
740
7427
311
7120
3271
7331
7231
340
3330
7427
7277
7332
2434
7470
1207
3001
4410
7412
2214
4337
3444
1133
7227
4007
2301
3023
2470
3307
2217
1147
1373
1427
7411
3473
4203
211
3423
2112
3307
3330
740
3172
321
4012
2003
403
3737
4700
1020
3120
1712
7277
2212
7013
124
20
7212
3431
7003
3473
2030
2310
4133
4407
2340
2247
70
2334
2002
4702
44
2024
222
1733
2223
7727
2374
2732
1031
213
14
237
7730
7043
7234
1714
3110
210
4247
4403
47
4047
1124
7722
2030
1124
3433
3371
3022
2021
3777
4132
1727
274
1001
7707
7700
1112
1022
3431
7334
124
1402
3212
210
3122
2224
3347
7214
1334
3424
3441
3004
470
3272
3317
7413
7321
7073
3713
4112
7142
743
1141
1247
7437
7270
7343
102
402
341
707
2073
140
3132
3243
1
1322
213
724
7143
4234
3472
7374
7447
272
3414
2032
3237
3070
7277
4310
1014
2214
7724
4242
1111
247
1024
7110
7077
737
7334
1334
4227
7423
2431
7344
2332
143
227
7137
4170
4223
4740
3221
7241
4073
1743
7143
7711
4174
1471
4247
723
7771
1034
1721
7477
1740
7
2410
4723
3210
7021
4432
1173
4242
2223
20
7213
1133
3207
2012
3011
100
4432
2770
1
7423
3074
3747
407
1033
3142
20
2711
4434
3412
7314
4101
4007
7402
3013
1470
417
772
7033
1742
1401
7377
1313
2472
7120
333
3440
4223
7113
4240
1102
7407
2221
4477
217
4210
3131
4411
301
7217
1134
2707
422
7042
342
4202
7173
2732
7137
2174
417
2717
1333
1321
4703
2200
30
2043
7770
2244
7332
401
201
377
2213
3411
4
3137
3022
4717
7731
7374
111
3747
3447
347
7710
7423
4210
1000
4047
3143
1777
12
427
4734
134
4011
4410
1412
4020
7737
1371
1324
1070
7024
4332
1132
3144
2371
7742
7041
2002
7231
4772
1271
7702
4320
7132
1220
1777
3702
7307
3712
2722
3422
1277
347
3422
4170
7371
2434
7407
4210
7717
2140
1207
7104
4272
1130
1100
301
7747
3070
4101
737
7244
4227
3003
1704
4101
4234
2333
343
1417
7323
370
1427
3073
2430
233
7301
1131
7041
477
377
4710
4110
2711
234
4703
4441
4377
117
1704
747
4222
1713
7030
2722
4043
3272
2043
7107
7032
7040
2144
2707
2121
3017
1777
3407
1221
2073
1414
1414
1202
7710
7010
7331
704
4334
2107
3037
2207
2432
332
4122
7233
2307
1427
4021
2074
1722
1440
7747
1173
1042
4270
2722
1704
2231
7017
1034
1070
2447
3013
2272
2710
7221
4404
702
2142
2742
1137
14
212
32
7023
7744
247
0
4121
7003
137
4434
172
1220
3417
123
7173
2270
7710
2433
1101
31
124
4137
2307
772
702
3741
70
7001
1417
3313
3337
4111
3273
7273
4411
2432
1027
7404
2113
7317
2234
3432
2774
3003
7473
3003
7337
2311
4032
424
27
341
3104
2070
2201
2314
7440
4330
1721
1027
7332
7732
4413
2114
717
7404
2343
4101
2170
2174
1700
277
1402
1000
4723
1774
4024
4123
7731
3212
4013
321
107
2220
3771
2207
3117
4207
3030
7174
4107
7320
3140
7342
2217
4011
3724
2300
1143
3741
1014
7207
2131
4772
12
274
4400
4222
1312
7077
4210
174
1144
1244
4430
410
2370
202
4324
2437
1
4207
2114
4100
324
1372
3401
2421
4443
2427
3407
4034
40
2372
3174
1327
4423
2273
4171
4372
1721
7403
2034
2121
7177
7111
1047
77
247
1447
7123
4242
4021
2413
7740
3314
3304
3417
4177
433
2377
4434
2033
743
400
4143
4207
1342
2141
4710
2313
443
711
4040
7177
4444
1301
3223
2472
3301
1170
3344
3471
7400
1102
2107
4302
31
2213
2740
4311
320
1127
1007
7030
2120
7474
1447
1347
2714
4721
2143
74
1034
370
2104
2731
741
3171
4231
337
2702
1211
1214
7723
4070
2330
207
4331
3230
272
4727
20
1313
7273
2013
213
3341
4227
7223
2427
1013
4027
7370
2172
173
4223
7414
4773
3431
1121
3710
473
232
2311
1117
713
2222
2233
3333
1130
3212
4002
1173
3047
1202
4003
4002
122
1714
172
7374
2734
3210
4471
7270
4720
2722
4302
2343
4103
2722
1044
7010
43
2217
270
374
7021
227
7101
4730
2243
3333
1300
1111
1220
713
2240
7132
7731
3430
4273
4143
4217
7021
2014
1241
4377
143
7702
1212
1073
1434
312
2473
247
1243
3372
7740
403
7112
1141
730
7370
4433
7170
121
200
423
2121
2440
7343
1377
2021
1174
3332
140
2707
1423
4032
1173
134
4271
3307
2003
1041
1720
3
1777
1217
2114
7431
4430
4720
3014
434
3240
4243
4277
1420
3041
2477
2244
3020
4712
3310
4471
774
321
421
3717
2307
3301
247
1014
7013
3437
1744
3701
3213
2
7134
4372
2222
4713
2044
3130
7210
3074
2444
223
3227
4771
2173
7041
2211
7031
1272
1411
4304
4422
4771
2372
3244
4700
733
4340
2432
7777
411
400
3272
2310
3714
3142
3073
7274
3300
3413
104
743
7220
3330
1423
2742
3344
4042
7247
4220
1001
1411
70
4711
7724
144
2770
7011
3313
4307
4470
7271
2240
7400
1003
4321
1173
230
1011
3072
701
7720
1304
474
3420
442
7134
4721
100
2417
7433
7371
702
2214
1770
372
3741
170
2433
7701
3712
1030
2044
2271
1441
4343
4474
7333
7330
1147
2207
1717
713
3370
4004
720
4011
1414
3122
4403
2303
1322
213
123
2120
7707
3721
3773
2730
407
2207
1312
2730
2230
4214
1470
432
3347
3721
1123
1340
4234
4327
43
24
2211
2434
20
3717
7
2700
7320
2014
4104
3731
274
7344
4177
30
2732
3371
3373
7241
7332
2220
4132
3131
1313
3144
2403
4044
200
1172
774
2341
1717
1024
2440
170
3124
7240
47
3022
7071
4031
3273
1204
7770
2710
402
7133
17
3424
147
7200
7223
7370
2032
470
1122
3107
3140
4140
4707
3170
270
7
1713
3331
1421
7102
4423
2203
4347
7101
4702
401
4321
1227
1277
7342
2017
4772
1130
173
4422
4114
731
3242
47
4410
2331
120
370
3724
4107
72
3032
4243
4314
4223
2224
7742
1432
103
4030
2340
4471
4322
3147
4332
3421
1074
710
4472
7733
3704
1724
2341
1100
371
7237
1024
4324
4742
3324
2337
7034
430
3117
2220
3200
3447
3020
7431
1043
7173
4313
2071
3204
7470
4214
4144
7007
4777
2072
42
1341
3403
3177
7300
1147
3273
7720
4442
2304
2742
4402
2747
3234
72
223
3143
172
7012
3124
1343
7122
1410
4043
2343
3711
1121
2204
4310
4743
142
140
7014
3312
430
473
1133
7232
1107
3043
2102
420
3177
413
3710
3270
1330
7203
2371
3404
7032
1023
1007
1442
32
100
1407
1740
1034
4000
7777
20
2074
1471
2431
2230
4732
210
4704
2744
4014
343
4430
2301
4774
7131
1272
1412
2713
7733
3721
1722
2323
7102
2230
277
2723
377
2237
3372
3401
214
4371
7113
4113
7141
1424
4117
437
4323
3742
4322
1071
3313
337
4047
3227
1440
224
3772
7214
3447
2334
107
320
3431
2000
1323
2101
141
4421
1042
4344
1437
41
7772
733
7007
1437
4017
2774
2203
4401
3422
7024
3211
4124
2331
7103
4412
2727
2314
4411
2047
1347
4230
34
3330
202
2374
1730
117
1422
1744
4222
7372
1740
4242
4243
3337
4331
7033
2122
2140
7144
1303
7737
4417
4440
1127
3304
2223
7774
7202
2441
3744
2131
7270
7270
2204
4370
471
4040
3720
7433
1402
3211
7310
1333
240
7374
2424
1474
4023
320
4421
1473
204
2430
43
710
2141
2474
1710
4143
2343
7173
1071
223
4211
3073
320
472
3414
4104
2407
3114
31
2443
43
141
431
4277
207
4331
1441
2202
702
7420
2372
7777
2700
4047
227
2471
4241
204
311
7714
323
2271
4347
4274
2232
1107
4337
3710
2341
1421
332
1101
4713
2430
4130
7771
3424
3107
2070
7324
4171
2113
4247
3023
7240
3337
2031
4211
7720
1412
3773
2204
1403
213
3723
232
1377
4701
3312
104
113
200
4713
7124
4470
3012
4743
3432
4072
7230
422
1473
2047
3104
1473
3422
2713
3412
1234
3102
4001
1473
7077
300
1372
32
7477
7310
3002
4213
342
2111
3041
7111
4344
3234
2142
7024
4143
7141
7341
1243
4314
7334
2200
1013
1147
1427
2441
1243
7301
7000
3711
3033
3444
3773
4747
1010
1421
7712
2420
277
7220
4311
2073
4130
1342
4201
3107
7213
2204
2322
7420
1124
4037
3741
14
4147
372
7203
4303
3774
1117
4741
2241
4047
7713
7741
440
7022
2072
2211
322
1027
1723
740
3142
273
7177
1041
2774
443
2270
73
1470
4341
2731
4021
7214
7711
2737
3373
3123
4347
2244
7027
7442
2237
2314
2410
3417
3402
2472
7214
437
3224
3101
471
4013
7024
1017
7233
2234
2120
2041
4103
7174
271
3710
3770
1131
3232
3013
2231
4270
4223
1317
7711
7210
3747
117
2203
7424
7327
204
7772
43
414
2733
2210
7703
7117
7247
240
7234
2741
2444
2212
372
3301
774
404
1110
4234
3223
4331
2034
4220
2120
271
3277
7441
2040
2437
477
7231
7777
1471
4113
4410
7774
7
3337
4722
3077
37
1031
3201
1744
337
7013
1144
1320
1203
3003
427
1077
7117
232
2724
41
327
3373
7303
7112
4732
4242
4323
3720
434
21
4203
272
4322
3473
1014
1214
22
7740
1122
223
7117
7342
1421
0
1244
7114
7004
3107
4714
1273
237
47
7274
4417
714
2040
7040
7730
422
4424
2033
2041
3404
4073
4323
1471
4303
7477
1742
2122
2472
1330
7000
1230
704
1221
2141
1234
24
3743
7447
3077
4323
47
3272
4304
3740
7713
1037
1272
4420
3317
7070
2221
3114
230
7731
3302
1732
4772
2402
1114
7402
7300
311
23
473
1333
2474
2174
737
1221
1700
3214
4134
4324
2474
2147
2221
432
4242
223
2021
3112
1011
244
1473
3102
1103
71
4114
324
2711
2300
4023
3410
7471
2744
2742
4741
7122
4231
1417
171
2027
4427
1434
2332
211
1330
7302
1047
1200
1724
2341
427
7404
3140
3123
2720
1322
3104
2340
3071
2237
3021
4403
3143
1770
2731
1420
1271
1032
233
7210
1471
1704
7133
7204
1301
3772
1742
2373
3333
7073
3302
7234
7402
741
4420
4321
1012
1440
2221
143
1314
3430
7422
7123
3727
1773
4147
4311
1417
472
3732
3044
2030
3310
3320
1470
4723
7144
2427
4774
4324
3337
7377
2422
4047
403
3277
2344
2002
777
3072
7101
3777
3137
7044
7701
2327
4
73
477
4340
4333
3017
2132
174
1307
1477
7003
2344
7124
7304
4202
7170
3332
4220
770
7432
144
7037
7027
3131
447
1124
443
7007
4713
3422
1047
743
4142
1214
1143
7114
4337
4403
231
7471
4304
444
2303
4774
1310
3302
3032
7270
7044
2227
1043
7007
4104
4777
2437
1173
4410
44
4037
4701
1102
1
4031
127
2421
7241
7333
372
3373
2374
1447
2147
7027
3330
7434
2221
213
7137
2034
2320
4724
3327
7704
2241
420
1330
1333
4312
1441
377
1273
7447
1402
1217
1114
273
7130
3427
4343
1027
1042
342
3277
1733
3437
1043
4231
4474
1227
2240
7037
7270
3442
7311
4771
7201
2011
7742
2370
4702
304
7114
2214
3712
4270
2377
7223
2272
3720
3427
7214
3101
1327
3727
1000
2703
3224
3432
2220
2171
11
7727
2332
3737
171
7001
2344
4720
3440
1437
2037
4222
3121
4744
144
4327
3241
471
773
2744
4177
273
2170
737
3312
7171
1472
2107
7730
1274
7777
3413
7700
1103
7237
7242
4
4777
1231
1043
347
7003
4122
3222
312
303
7703
234
3717
1412
3401
1732
342
7341
3740
7334
1427
2174
7322
2223
3143
4334
7744
7334
417
2434
7417
7243
7007
321
437
7227
2270
2020
3714
2377
7773
1240
2220
2274
4372
7141
1430
1173
7727
4022
4031
7371
4022
3123
7401
2201
100
2314
212
7074
1437
2712
2774
7700
3413
4733
1701
7047
7420
41
4271
4277
3101
1744
7327
221
4233
3727
4377
2010
3314
7703
4237
4434
1321
4372
7311
1324
3170
777
0
7103
3333
412
4317
7401
4717
1171
7301
3333
2023
2023
3133
1017
7027
1701
1732
4731
1230
3403
4427
1743
2302
7071
2100
7370
1731
4203
413
733
4141
1024
242
2112
1072
4174
773
3302
773
7243
2320
3023
742
4202
4343
3432
2702
134
3340
2072
2422
4101
2734
7132
1741
7470
3100
7370
2112
333
7347
4234
1021
3214
7070
3731
2271
1434
3223
2307
7307
7777
2223
1231
2017
70
3132
3022
7020
2412
3314
377
3702
7273
7710
7411
4027
4234
4122
7042
3107
423
273
7723
4201
441
2210
4737
4313
4110
3343
4407
2700
4472
3
4244
437
4
727
4323
4712
1712
1330
7014
1244
4712
1141
4770
7344
24
4227
4043
2134
7113
2304
1744
2302
2237
4101
7313
713
2204
2470
1344
1307
2010
4273
231
7247
1427
7004
4100
2003
4413
1332
1027
40
7221
231
1011
2370
3270
712
1224
3373
324
3004
102
4410
434
3347
7120
4277
3140
7114
214
3
3320
7404
4410
7224
127
4434
704
3232
3213
2720
7730
3303
3431
7114
3440
722
2447
2422
7437
4702
1277
4040
4444
7727
7730
1343
3712
2114
3734
4714
7024
1301
7430
711
404
4033
1042
7712
3102
7400
1042
777
1070
747
3331
3371
274
2012
411
4312
2772
1423
1127
3043
4713
3233
1377
41
3022
1317
3374
124
1472
1221
4771
4324
1712
4443
4074
7771
2310
7032
4700
4200
7722
3342
3034
3320
1444
7724
401
1773
1373
7272
2343
207
4341
7303
3732
3404
7313
1427
1017
7742
4704
7111
7201
3012
4114
2724
1421
371
1411
2137
1343
2730
7021
3021
2272
2470
331
3420
1730
3734
1442
3317
1712
3110
1723
1724
4410
3734
2174
4270
27
7301
1241
7403
1171
7400
3411
7277
2140
4172
431
3200
2437
2270
3404
7400
3412
3011
1112
7403
4024
132
7201
1701
2200
1442
747
727
2720
4323
1470
4442
100
2013
4314
2174
717
4001
442
2424
7343
0
3770
717
4174
2124
2432
2
1032
3330
1202
1774
700
7221
7377
2223
4417
1471
3137
3701
1347
3242
4373
3741
731
7311
4144
7102
717
7174
4120
4003
4210
344
2230
2773
7312
4737
7030
3771
7134
7704
1731
4024
4423
7704
720
3411
202
7730
41
1030
1201
3717
7717
7003
4713
2414
7312
1437
4703
1004
2412
4710
7112
4127
2272
3400
1272
2413
7330
2002
2474
1024
7702
1437
3243
3303
244
3244
1343
2741
221
2407
7321
2430
1421
4440
7400
3017
4133
4200
2774
3427
4201
4377
4333
3414
3473
4772
4214
2233
3212
3223
4727
1117
2470
4703
3110
7172
4103
0
2207
7102
4707
7423
7703
2112
142
4771
7732
3231
1022
2720
220
733
2132
1314
1272
1014
4201
1212
7322
3023
421
1341
3312
1477
7031
3727
1431
3770
4121
1034
3730
1421
2013
2200
700
3114
7772
2300
4334
3403
1231
1703
1041
472
7117
3423
4317
1703
7131
7314
1300
4374
31
4420
7717
3270
43
2404
7231
2731
2232
277
4347
1030
3703
3701
1233
1411
2311
1173
4021
7237
4342
7033
1213
2317
2011
7414
7223
302
2042
1034
7771
3340
2411
3141
3721
3773
37
3122
2707
1712
2230
7042
272
347
4117
1311
3370
2073
3731
3471
2311
3070
1471
3770
4744
1471
33
2133
7322
2032
3400
3274
2247
4041
1274
4013
4171
2344
4404
4042
3430
7044
311
1717
7334
1211
2014
4241
3743
3143
1707
3131
2773
3032
1773
4233
1170
1277
1033
1143
4017
77
212
7277
3443
4332
2323
4231
7
7204
7404
2402
2703
3301
3377
102
307
7222
7272
3400
2347
2347
701
4001
437
3700
700
2141
41
4042
4130
3773
4431
1401
7104
2240
4407
307
1073
7717
44
1724
1247
22
2434
413
2110
7710
3434
3410
1047
2111
2721
2020
2024
2302
4044
1343
4474
7200
1230
131
1431
342
771
1437
4770
3770
1340
2412
7412
7370
7112
71
2731
2003
1033
2147
3347
4442
7302
3441
142
1177
4237
1723
730
41
1420
3330
3030
7132
432
274
3321
2123
127
427
2444
140
3704
4227
3471
1373
3703
3003
4130
7232
320
2234
4077
2013
1112
3700
7131
3114
2224
3403
1043
2032
2327
2374
3240
7312
444
3131
1142
7007
3132
1100
3330
3320
1170
4300
7011
102
1731
1217
113
4214
4370
147
41
727
3017
1173
0
311
4242
133
4372
4221
3041
3744
3124
4214
243
304
7327
1202
3374
70
4004
2172
1717
3012
2433
3412
724
3400
3021
2204
243
2423
7010
4700
2227
2471
3410
2407
2410
3404
2042
2070
7141
7437
2112
1041
1144
321
7137
7734
4122
4307
3044
2134
3217
2732
432
2420
1137
2424
2327
3472
334
2402
110
2014
2411
1372
7300
4444
4100
7030
3214
7343
3702
7134
4020
3023
7323
3407
3417
3411
2231
1747
2237
4773
7232
4122
1320
770
2017
4244
3327
7023
7124
4447
3123
4434
1110
4223
1
4074
7730
3727
4701
4377
2147
2102
3123
3444
7130
7042
2370
3330
3203
1441
471
200
7127
4047
130
3711
1317
1437
1244
4112
3002
7447
4420
3042
3400
4433
1222
7343
1332
102
4012
2210
7320
1274
1417
4722
3003
4723
7434
2440
4410
3100
4002
7000
1207
3330
2234
2110
717
2227
4030
2721
747
2071
4740
1370
3377
432
404
1731
2233
2411
7747
332
3733
334
3173
1022
1110
2104
7023
1411
243
7230
1147
4273
3007
110
122
7121
1403
2323
2101
337
4340
7370
4207
2214
222
3733
7201
174
4121
7373
2374
4744
7071
2432
27
3120
773
1777
4201
4171
444
202
3177
7024
7737
243
1302
3210
2172
707
7434
3242
313
4217
3107
4233
3231
3101
7424
470
232
1144
3427
3203
4044
343
2241
1110
1004
127
3002
2004
1131
4044
2727
4310
2037
7104
4720
2421
1133
2014
4134
2343
7331
2220
2474
1233
1004
2403
3044
1371
3227
201
1122
1143
1103
4731
4034
4271
4321
2210
223
2137
3341
3071
4734
4043
7303
2447
2744
1700
324
1701
3113
1424
3220
7702
1437
2212
273
1131
732
443
444
4037
1132
202
3221
3171
1413
1274
1101
430
7013
4027
4732
3370
4032
3144
7441
1340
7244
1014
3432
7714
4323
1774
7341
7710
1041
3007
1733
3744
7122
1242
1217
2200
7770
170
2104
4172
7070
1303
1074
1244
2424
2400
203
1347
2202
7140
7122
2704
2120
331
7321
4774
2002
317
1440
1440
111
1121
7202
1223
1217
1071
4022
733
2102
3411
7443
3420
324
120
7027
237
2322
2337
3771
202
2003
2720
4722
33
2024
3370
1304
1203
3373
221
3203
4000
7434
3031
2122
20
2104
4710
2304
3013
3132
2110
1241
2077
7377
221
3477
4343
1427
7234
2104
4131
4277
100
1077
7273
1324
4177
7071
7173
4211
7341
2321
1072
7222
2440
3414
7477
2147
4447
237
1327
2403
1742
3074
2113
1127
1171
1200
4424
41
3312
7000
7242
4242
2207
1223
3347
2324
1247
3440
1411
327
7032
2320
3024
2077
2477
3313
323
1237
340
1431
2372
4320
444
3330
2114
2321
2442
4274
1303
2770
3473
3027
7174
1222
2330
2444
7774
737
7141
242
4202
3011
7774
223
4727
3237
402
3700
4011
3304
3773
3371
7372
427
4413
3700
1741
2720
1270
3234
4143
7771
2312
4202
2274
4210
2711
1274
4231
3204
1411
7102
7222
2134
4317
7014
7702
1202
3332
2427
3117
2031
1437
212
4442
1103
3310
2743
4401
3741
3410
7442
2447
2177
3244
44
7777
712
2213
3272
1324
1204
1743
7424
3720
7317
2020
2474
4713
2270
2342
1022
2321
0
3707
4177
3123
373
1137
1230
7173
2702
7204
3237
4100
1203
7147
1141
3327
1401
2414
2730
1010
73
7124
4034
1470
733
3033
727
1132
3340
7727
100
1731
7120
1474
4240
1472
1041
7271
1214
332
3702
4140
440
4120
2004
7317
4431
4727
210
7143
7241
1024
7412
722
3142
4472
471
3313
2213
1337
1420
77
1172
4717
7071
1111
4744
7171
1711
3111
3021
7370
7272
4140
1227
2703
7713
447
2173
3742
2032
2423
347
1211
7240
4332
1172
141
4221
2231
3411
3323
4314
7704
2324
1210
132
7147
4304
2021
223
2447
1214
4231
7742
20
1100
327
377
7343
1007
4371
2327
3100
2172
4042
3017
4303
2231
1120
2411
7204
3424
7211
7471
420
3277
4321
4772
2101
3014
4027
101
1243
3427
1233
322
2234
7120
2707
2007
7434
4201
7427
132
2001
2732
7014
4110
7423
21
233
4102
1434
7414
7130
212
1323
7311
7242
2271
7147
2114
1171
173
3403
4147
0
1773
1400
200
3430
4130
24
2027
3122
1711
447
7724
2731
222
131
70
2042
2044
473
2472
77
3470
322
2117
4070
3342
200
2730
3437
1271
2333
2320
3730
3001
7421
1107
2431
7404
4073
1430
3143
747
7727
1401
7343
3773
4714
2203
2447
3410
3412
3330
433
1317
7042
7474
7324
1011
2007
234
3237
1244
7004
7322
2773
4132
2323
3312
224
4322
3012
270
3347
2241
1324
7404
2114
724
3440
2423
4314
3101
702
4141
3420
1333
3073
1427
4423
72
1772
4431
7314
2344
7314
7170
2213
4173
3327
7340
7714
7304
2077
2444
1440
2730
4317
7342
2234
24
7470
230
3400
1243
1412
2377
4213
2411
4403
3337
3704
7433
1173
3232
3313
3101
4034
37
3237
442
3241
3717
3747
4721
243
2241
3424
4121
7037
7000
7402
1211
7214
114
2323
237
1720
1727
3433
124
127
1203
7373
1771
2210
2023
7217
1740
3441
1231
3133
1724
701
741
7133
234
4327
7414
4174
4734
1244
7324
4217
3434
7471
7302
117
321
4202
172
2312
132
740
7173
2272
721
3112
7302
7007
3412
2412
4272
7223
4244
7421
3011
1334
232
2110
7174
1172
1033
771
4102
4214
3
144
4172
2314
3373
430
202
7333
317
3143
7171
7431
2340
3222
2310
2203
2734
1407
321
204
477
4310
4101
3011
1473
7341
3041
4447
7473
3227
7340
1010
4021
3174
4410
2200
2724
4123
3722
2170
2012
2073
1437
4430
320
4413
7431
2703
1112
1313
4074
2012
4033
7430
1441
130
7430
7777
3213
2223
2737
2037
2742
7470
1404
3240
2741
2370
1732
2202
1031
4240
1433
3431
7033
7042
7477
3244
1017
3201
4422
7010
4402
370
4717
2231
3300
7130
1731
4014
2332
2043
24
1317
3130
4412
3377
742
3271
4473
7113
4120
4077
4720
4173
4220
200
2004
7770
4227
212
217
4302
4010
2714
3222
7071
3174
1014
4771
4170
2707
2204
3722
2233
4110
3272
277
7222
2122
2747
3400
1443
1430
7217
4033
134
7411
1224
2233
2210
1443
7234
30
4240
3741
4031
210
3474
3103
1727
1340
4771
2174
72
410
4447
2717
7131
203
714
203
4310
3222
4747
2777
3717
7101
2472
2404
3772
2132
3334
2041
3371
312
4407
3013
204
2111
4143
440
1270
432
300
4001
3003
1307
214
771
1070
3031
3247
3134
4001
1013
4437
3723
172
1201
7730
7373
3107
3730
1023
2374
1327
1303
3207
7200
7043
7732
1313
7303
773
7327
424
371
2721
2113
2233
3213
3307
270
3310
7714
7044
472
1172
1143
3173
4302
2704
7211
1774
1313
2413
3274
3314
2102
7031
240
7177
1273
7311
3342
3702
4173
2403
7114
0
3317
3374
1773
4032
4472
2323
2337
1471
734
4173
1022
2237
3122
2011
7710
1101
4424
3233
4311
3037
1323
7377
2221
1732
21
4440
7472
1717
3333
3744
1227
2342
4147
3714
372
7431
1111
12
2740
3401
3304
1474
2741
143
7413
743
7740
2337
337
2331
1200
4770
2111
2203
770
7343
2170
7714
4122
1440
4107
3070
2414
4741
4111
4144
4401
413
722
3301
770
7702
7173
7313
1210
1241
4377
7444
2021
7310
4723
2231
4470
7102
7130
2403
374
1330
201
3074
473
2174
3103
1007
7707
7111
4033
7237
2311
417
3271
3232
1424
1777
437
3742
1240
1104
4403
743
3437
4033
3032
3143
1433
3227
7123
4071
2242
4124
1422
333
4423
4274
7337
4417
133
4422
7240
404
2424
3241
1273
17
7377
4740
441
23
273
733
2401
1330
470
410
723
4043
242
3442
332
323
7702
2214
2702
244
4310
7213
3073
4740
1307
2702
74
722
7033
4417
3170
373
3117
3277
1434
340
7217
417
3314
7400
3371
232
773
2120
7320
1077
4207
7021
401
1244
2030
7741
4437
4314
4712
1344
1742
2211
1211
4302
322
2113
121
4040
2747
1043
7202
7032
2427
3740
3040
4234
2144
2444
3474
1717
7310
3012
2370
3407
247
7003
304
4442
3142
2124
1307
2743
2417
1033
333
1
3124
7402
337
7121
1723
2001
307
3014
1734
7002
2770
3473
1477
2234
3423
1302
473
4144
1407
2172
2177
112
404
4334
2440
3322
7144
1102
2322
4100
3170
7172
3071
4473
44
3220
111
1170
4303
2332
1773
3030
107
4040
374
1133
2043
7141
2470
1707
4442
4323
4341
1417
3413
7001
3741
447
2013
411
7343
3340
4303
714
3210
2222
747
1012
3407
3222
1071
7203
3277
2170
2027
2123
2011
4727
2330
4137
2401
223
7723
3072
2102
723
374
7203
3043
2713
7474
4003
2004
34
1047
3741
7242
4002
4320
1232
2307
7704
3777
2433
4201
3322
4207
3274
4771
3040
1277
3440
300
2022
4177
2204
3041
1011
373
4103
3121
173
2072
32
4400
2470
224
4402
4740
7431
730
7711
3722
2074
4412
3131
1071
2043
471
7223
7300
110
7000
4133
2137
3270
4412
7140
3034
7242
3022
1041
7033
230
2724
1227
1220
1032
7103
1027
1472
7214
403
2072
7377
4040
2221
4421
2074
7070
3742
202
2231
7207
1324
1204
4112
247
1204
7431
3124
1023
7243
3302
4720
4317
3310
721
2731
2070
407
7407
4274
7324
413
372
4007
247
3717
7242
1103
1424
4712
472
3040
2277
4441
3322
7773
1034
312
1701
121
1140
3010
7310
7271
1731
7737
4027
7023
2372
3032
7472
4210
4247
2341
4137
2024
7200
3432
7242
1731
7074
7734
7401
3733
1203
1302
2477
1300
4412
2201
4241
3271
4744
3372
7177
7340
714
3441
2032
2213
1033
74
274
3111
3273
4133
3123
1701
2234
2347
724
2742
2103
323
3733
7007
4301
4314
1137
4042
1707
7747
1170
1101
4277
7472
3777
1411
2423
1402
3271
3740
4147
4207
7704
7010
4371
333
4740
3323
1730
1101
3203
1770
4040
312
4747
2470
7013
4317
3270
2411
2423
2321
4430
7741
237
4424
3374
1024
7407
2100
1171
143
2001
2131
24
737
4034
7447
204
3040
2777
71
3002
7740
1044
4040
7300
2737
1212
2222
2124
3247
4432
1042
3714
1332
1003
3410
7340
7323
4010
2402
7171
4213
2170
4121
4221
7077
1434
2117
314
2140
2100
131
1002
1747
3343
3301
347
1174
730
177
2301
1743
7242
2342
3321
1147
7047
3313
4314
1471
2324
403
1712
420
1012
3274
1172
3011
3224
1011
3413
402
471
420
3271
3700
4144
2232
3304
3724
1213
113
1322
373
233
1713
2374
3123
1073
7221
1
4327
3714
2272
2144
747
210
7373
112
7334
1300
7073
201
7223
1027
4723
7330
747
2237
4227
7274
4703
433
2723
3733
7771
3037
7274
4734
7203
4113
1701
2473
410
1014
7370
1123
3444
7202
2132
1333
772
2237
7307
7743
413
3047
7777
7170
3313
3303
1027
122
4014
4232
2374
4211
2413
7122
2134
3331
1371
3021
4017
1442
3201
132
4047
4133
7470
4141
131
1114
1343
1732
2070
4712
1370
323
1402
7771
2401
320
1202
1100
7473
144
127
2340
4304
3274
1203
4220
4424
4010
231
143
713
7727
2077
3272
1400
2037
2741
4442
433
3742
2201
7402
1111
407
2173
1774
4140
4731
372
4174
4471
4202
7733
3112
1017
1011
7740
2231
372
114
1027
2403
4241
4417
2121
472
31
7324
20
3301
7102
4423
4714
2472
3244
7204
3073
3122
1302
4247
132
2010
2217
7124
47
1131
1077
1023
4347
377
3432
4771
3173
7023
243
4221
1412
7721
7430
2712
3000
1077
2477
1317
2020
1112
744
1202
1217
3020
437
3114
3243
4337
2100
1404
3074
2773
142
4207
7100
4723
3170
1777
1340
4221
1703
3422
17
1337
2341
743
2071
2001
724
4214
4430
4174
7074
3723
3004
1224
2472
1700
2143
2773
3143
4340
7074
2441
3737
3444
1037
4243
2410
3430
247
3370
2032
1732
2223
2474
4420
3420
3124
7204
3323
1707
7344
2272
4300
4040
3302
4172
1032
1221
2212
1712
2377
1021
1404
3732
2730
1424
2403
234
4423
1204
7122
7122
271
7721
723
4320
1302
3137
433
3272
2001
4133
7370
4031
4433
7741
1172
2101
2031
4243
4034
4313
3237
4301
4237
2020
3143
1003
4243
4300
7420
723
1334
3773
7704
2120
4477
7043
32
1023
230
4737
2147
1127
2173
4370
2313
343
727
7114
1321
2770
7307
3123
2141
2240
3722
1724
101
3023
7122
7
3720
1243
2207
4077
2401
2313
4400
4322
2377
4110
331
2413
123
3227
1110
7422
7334
7200
7272
2024
4033
2143
3132
4017
2341
13
2233
2440
3447
737
4100
1000
4077
7110
7040
1042
2743
3232
4277
2722
1132
3272
4200
2027
4237
304
3702
3740
2120
2737
301
4247
3723
3377
724
1300
2334
4734
171
172
7030
4012
4001
7311
1313
1431
4173
7024
110
1133
200
4302
1020
4701
7143
713
7040
3401
4133
2331
2204
4071
414
1734
1012
3724
1710
7422
144
1713
2414
7327
3477
13
7247
3147
3124
4111
1224
7177
4037
1731
3413
3207
7727
1774
7372
1742
3172
2140
1307
3404
1323
7141
322
771
4107
244
2014
4730
1110
1241
1204
3202
7120
3404
130
3203
7203
7307
237
134
711
3137
2112
4432
4331
1224
1102
4242
3023
2342
7170
3237
3022
4244
2030
2372
7272
4141
2303
2073
2720
201
3411
7122
4232
7721
7420
4743
4713
331
7702
1104
247
737
34
7073
3721
7372
3047
474
2470
4334
1442
3227
1303
1741
742
331
7224
1044
1173
7741
3204
7222
1171
2427
1010
1142
3434
2407
2737
1337
2170
3124
237
342
4002
1414
7473
1772
3717
7012
7220
3212
1444
4340
1232
3273
7040
4272
211
4401
2341
2417
4222
3307
1123
2020
472
2134
3211
321
2423
731
1334
2442
3172
1111
722
7137
200
2410
4232
712
2021
4410
4702
4472
7110
2411
1100
2424
1317
212
3334
1724
4332
4377
231
4424
4770
3233
3344
7442
2301
7013
7424
72
1134
1114
2311
3704
2423
4172
2223
7044
2332
2234
1204
2313
7110
2243
7207
2037
2712
3101
1327
7137
4772
3317
2407
2323
3404
777
1723
4234
773
1770
172
102
303
2374
2203
237
2717
3231
437
3371
2217
2442
4274
132
3244
1037
1432
3477
1224
3273
1740
110
3202
3374
7771
3312
422
7012
410
1422
4123
2432
3272
7247
7200
2334
3700
2103
4407
120
1000
3231
4222
3773
2730
1171
7424
373
303
1217
1330
4331
3224
2202
7314
104
1471
3174
2732
3730
7007
3424
4214
337
4133
201
774
4234
7473
441
3213
4300
4210
4432
723
1227
2127
73
3473
7327
4101
7137
233
3113
1242
7302
1427
7302
1703
3370
2173
2442
4131
4074
777
1224
3770
7171
3212
7273
2122
7770
1142
133
4222
3074
372
311
312
730
3420
1772
3211
7232
2744
4334
340
2343
2341
244
4323
4071
2333
7224
4437
3237
432
4347
4371
3420
110
3233
4213
1142
4724
133
137
4324
2437
1273
2772
774
3311
1103
12
3721
4104
3420
117
1242
7414
344
3132
713
1031
344
4712
2031
2021
1403
141
2747
3407
2202
3174
3220
3401
7120
7172
2474
341
277
3230
4370
2144
7034
7403
3010
2374
7022
134
1232
7241
3373
3174
1234
374
1271
3710
320
1213
101
3473
4302
2473
2120
100
7314
2321
1074
2724
7333
7307
717
4242
3221
7111
3112
3371
3434
2412
2434
112
11
7274
1434
1474
3717
7107
1013
2343
737
7314
3343
1714
4320
1347
720
417
737
4423
170
7130
7100
7404
272
1074
2227
7120
4370
3037
410
1034
1001
2771
1217
4104
4332
3732
2270
7221
214
221
4207
3410
2037
2420
4442
3200
1013
742
4343
7410
4144
7020
7277
3414
3370
4311
3047
4077
4720
3
212
3347
1144
3234
1110
7317
41
7711
3304
7732
1132
242
3304
7112
4734
74
3023
3237
3324
3423
4070
3417
1741
302
7177
3710
2333
412
2033
2720
1237
22
0
3137
74
1000
4212
3072
4411
3717
1323
433
1700
2703
2737
1740
7731
373
1337
7734
3737
3423
7100
7011
4003
1440
4
3470
1404
4422
4442
4130
2213
401
7177
3107
4474
1721
4323
7772
2704
4332
2713
12
2734
2330
2014
2734
7120
1143
2127
4101
473
4204
3102
217
2213
312
2232
2773
1422
2202
34
437
1244
3233
1772
1031
2247
7702
3777
4430
7073
2024
4017
2732
114
2022
4774
403
2043
7772
3204
3200
7071
2237
4417
4323
3021
1030
1077
7324
7227
2477
4403
1447
1323
4224
3430
3420
7703
1714
3472
4047
7207
171
4442
4477
4413
3740
1027
1737
2130
2021
2724
4403
2234
4022
4022
4070
4474
3773
7421
4411
7741
1240
1071
1231
3123
2344
2231
1743
2723
2724
324
3421
4307
7017
4471
1400
4477
3414
4070
3724
4122
4003
2742
4227
1422
7422
444
2031
2074
3172
444
1704
2121
7247
2703
4373
4372
7403
2142
3311
1207
3437
4207
2130
1411
7730
2072
3417
2023
1107
1071
777
7447
2744
7242
4731
7004
1004
1340
3220
1710
117
7124
2001
3147
1712
2311
1113
14
1000
3137
2020
1320
1134
3120
342
4271
3404
4120
3434
1722
2301
2223
447
2720
2102
2073
3411
7322
4024
4240
2273
1477
717
1270
422
1311
174
4332
4142
1411
4472
2327
4037
1322
143
1207
1732
7427
213
2247
1340
4334
3403
2774
4007
141
1032
3240
1303
1174
1472
7100
3437
2204
3143
1720
2742
1221
1314
274
2307
2004
420
7740
300
3110
3034
4012
2037
3273
233
4021
4131
4701
7142
7173
1132
30
2041
7140
4730
4031
4304
2232
2121
2103
7001
1202
1707
7241
2042
21
3017
4413
2743
3337
12
7230
4304
7033
2730
437
7741
1017
143
1711
2247
4022
7741
2712
1201
3130
2142
3002
722
1742
3773
7231
1341
430
2301
3120
3271
1114
2041
1124
1407
3230
3071
3200
7443
4201
4401
2711
4437
2331
4700
7242
7747
3770
3211
2027
2232
743
417
2413
3043
1744
4440
1732
4424
2410
2120
714
3113
4704
3220
7771
2133
724
7043
2007
2073
2331
3134
3734
1727
3000
310
3317
4312
2013
2317
4232
1011
2722
3434
4021
4012
3102
2233
3401
1101
7171
2112
7347
131
4227
4420
3240
1027
3202
2173
3020
2137
7730
340
7114
7047
7142
2130
1222
721
7134
322
4732
2220
7212
4
3431
2044
1244
3320
3203
3141
2234
4224
7010
4312
3210
322
2201
4304
4437
7374
422
4014
7021
7200
1332
3307
4424
1123
2031
2071
2310
1274
2724
7370
4370
2247
3720
340
1107
7343
470
1002
4133
3331
2013
7147
2032
7773
4737
134
4002
7437
2142
3023
334
4024
422
1001
1232
2742
4170
7372
3022
2210
1477
2007
4224
3703
3400
117
421
1700
1107
1271
2037
1422
1327
210
1302
2104
121
3124
2747
2204
771
1702
733
7134
3232
30
1130
2100
3343
3240
3232
7473
327
7214
7072
7037
7213
7422
240
3023
277
2714
1332
31
21
7170
4213
1207
1470
1043
4343
3700
474
3017
4274
7277
7234
3432
4222
744
4234
2441
377
4471
3327
111
3700
3000
3437
4121
2720
3127
7322
400
3101
4003
4231
1170
1270
1144
7433
7704
3302
1002
711
1031
7737
1431
4344
3127
377
773
70
7173
327
2307
2342
7043
7721
2771
7
403
1744
7722
2410
477
1124
3342
3741
2313
2772
3312
7314
4713
3473
2041
4277
2312
4000
1412
120
43
7427
7227
3121
3212
4707
3402
7377
2234
2442
374
4744
7240
1102
7123
3741
3700
2143
3734
3343
4271
70
421
2703
700
7204
341
7027
123
2102
72
3043
7701
3333
722
3771
411
4031
770
2431
4040
2433
2224
3747
2111
2437
307
7772
7774
2331
4032
200
2742
2314
3203
3221
7443
2747
2722
2322
3411
3441
3043
7302
714
1444
1327
3303
7247
204
7722
1104
1117
2743
4111
774
7233
7333
412
4271
2472
4044
3417
2222
1703
223
2201
7703
4013
7202
7274
4774
1000
7401
7143
4070
4110
40
3130
271
4302
273
1732
2233
3424
227
342
3314
2227
3421
2010
111
2220
7114
2302
7444
7744
7340
130
2332
207
1777
4132
1034
4472
4172
3173
4720
7134
712
3744
204
3403
3213
3737
447
2013
4473
102
2204
4213
4374
374
3401
7030
7141
4047
2444
2400
4121
7437
211
7210
213
4714
1027
2112
1420
7702
2132
1122
4004
7273
7727
4043
4102
2470
3244
737
7720
7401
4213
7231
2714
7434
703
4077
1003
144
137
3714
1203
3020
4013
401
22
204
347
2140
3213
411
4100
2413
7430
1101
4224
3370
4170
1133
3021
337
7701
7123
7232
1732
1171
3442
21
141
4774
114
4417
477
4241
4073
7434
1004
3030
1470
27
2004
2020
1312
4117
3741
3434
3341
4323
2021
114
2247
71
4320
4730
4174
7403
4410
2170
4040
743
221
2340
2144
4210
3720
2102
2447
7147
3771
4377
2
403
1070
470
12
12
1001
1422
1401
32
3201
4120
7274
7133
120
3447
1301
7077
1112
1317
4201
7402
3342
1337
2701
7140
7424
120
1203
2320
4047
4343
142
4442
7213
20
140
1014
1217
2737
7144
4044
3431
2144
4432
4420
7043
7141
2471
1433
4422
1417
42
4737
7721
4370
1403
7242
2130
2033
4032
41
3104
3432
1340
1040
2242
4720
4043
2241
4337
7104
3212
3341
4227
7034
2342
4120
3743
1243
743
7000
1110
4472
2303
200
7147
44
7273
2742
4001
7110
7434
4407
172
2310
2701
2112
1423
21
770
3017
2410
202
70
1211
4117
4413
2702
4742
7001
1201
7137
1222
3241
2703
3373
447
2033
1723
7722
7171
2340
7712
2447
2343
433
4714
7007
3174
7307
3743
2124
7771
7170
2331
774
7031
4212
1433
7771
3241
3200
7240
1400
4737
2227
3201
3211
2002
7140
2727
3243
7732
4032
7707
1373
2341
7724
7270
3412
4724
4202
4730
404
11
3303
4012
340
7343
22
301
1734
24
7323
4241
1073
7437
2724
2044
7233
2723
3137
2002
2320
3342
4040
4010
112
4214
4240
2147
1323
242
2327
2477
2474
1133
1174
7334
7310
2112
1130
3124
71
11
3307
2347
140
1774
2043
7440
4232
7214
3422
1743
7317
4117
1003
3712
7347
4700
3203
2132
1127
1433
7023
3170
3271
7340
7440
7772
7007
4231
4000
2170
0
1432
120
4114
2404
2730
3217
4437
1742
134
312
0
1771
4747
4742
2107
112
4030
7304
2023
1141
1720
4273
3303
33
4171
2377
702
2213
4210
4030
3230
32
7377
4000
7134
7437
4713
1374
1237
4227
3742
1221
2302
7431
2421
2202
4474
1300
212
1044
400
3207
323
3121
4010
4173
4703
4100
300
2243
7341
2130
101
7304
133
3727
4702
4370
2207
771
3337
1034
3
2313
443
3704
4147
4224
7173
474
7413
3332
4121
4232
2333
1340
7041
4123
331
4704
4334
1021
4323
1277
7377
2403
4047
7233
1221
3402
710
1322
4401
1240
2342
4731
2427
2032
3127
7330
3434
1417
2034
4112
2304
1200
2272
1204
7214
7
2340
1114
2237
1440
4422
4241
431
7122
2032
21
7374
2112
7101
1400
7440
2771
443
242
4314
4103
3742
321
7034
31
7134
4073
4033
3042
2147
221
4233
3170
4242
142
1173
3432
1707
4413
1314
3241
1070
2340
7370
2413
771
7040
2731
4140
3023
2700
1310
3221
3140
374
4473
421
7110
4074
1147
3002
1400
3377
2134
1374
1010
1271
4424
3173
3731
4342
7014
74
7043
1712
3133
3774
4171
4013
2232
1423
3200
3034
2134
3003
714
3117
3401
274
7124
3224
723
4771
1404
4112
4443
2277
7107
2733
7002
4701
2413
3740
2047
3042
3203
4373
1737
10
3310
3110
2434
3344
722
4747
1312
2121
1110
4744
7273
1
2220
4407
217
4413
111
1347
7270
3712
4071
7420
4107
1402
4404
1342
4203
7312
4070
2007
1077
2477
43
1440
4413
3714
3042
7472
3311
7411
3410
1023
2010
4110
1273
7720
2714
4333
2344
1001
11
3032
1401
1771
7102
4004
7074
323
1231
1114
7213
7447
2211
7334
1700
7012
2713
400
332
2131
1042
7410
2334
2040
4411
2342
4107
7200
7102
11
101
3427
3177
2330
1717
2174
3723
172
2071
7444
1772
4730
3143
3
2121
271
137
1441
2742
1332
4443
3302
7710
3131
2721
3077
1200
744
121
717
7177
7233
1417
1720
377
2347
1000
4111
7222
7112
3404
2722
703
2442
713
7001
3740
3437
1410
7302
4114
3022
1141
7724
1277
7121
1730
1423
4040
1170
412
124
4047
7403
4741
1412
3472
140
34
1731
174
3713
1027
3047
4307
4113
2702
4110
3127
4100
1721
7001
3042
3042
4072
1272
424
4010
2443
4470
7702
477
4030
100
730
1370
143
331
7074
4334
212
1472
2221
4100
1037
3227
7240
2217
4311
370
2110
4017
4013
174
7110
1737
7300
1733
2043
4141
4722
442
1312
3771
2413
7427
120
7030
7320
1273
4024
3720
4074
7400
2370
374
2204
4110
7710
1113
7110
1310
7477
1342
2243
4023
1033
1013
7114
7320
217
2214
411
174
3430
7273
1472
3112
7221
1334
224
2740
333
202
3743
3123
702
1231
4011
2033
1740
3223
1074
4430
2343
3171
2311
2413
3342
7772
3113
411
1412
1007
7374
3771
1013
1172
1021
4217
4731
3227
112
2322
3773
3702
2472
7310
2202
1742
7403
102
2214
7131
1431
4420
372
2402
4712
7770
2344
1243
3411
13
7120
4003
7070
7337
7441
4241
7103
7117
1021
1742
2420
4243
2114
2201
4773
2241
1014
413
2717
7202
3103
3074
7400
4343
4733
4214
1222
443
424
7324
3020
1040
4171
3370
2221
4420
2317
7123
2442
1742
4247
7304
3077
1120
330
7437
32
4347
7432
4321
273
137
1732
2247
7302
1122
3307
144
1103
1340
144
3243
4477
7322
2214
2114
3110
2420
3147
1277
7274
3071
2720
7100
3234
2242
442
2272
3211
7237
3314
204
2114
732
1134
4103
4102
4111
4272
2770
7134
7442
4402
3212
134
272
7072
4470
7130
2724
3330
1332
2712
2347
7437
4077
4022
7121
4312
2401
7700
7111
7044
121
743
7241
7311
137
4120
3242
1100
1711
7010
204
3722
2273
2713
3322
3322
7441
2333
317
1377
4102
3770
7134
2112
1377
1004
3310
2733
2422
3474
2302
310
4471
3737
7230
702
3277
3212
730
3473
2371
2212
3014
2131
2731
24
1371
302
733
7101
4232
2221
41
1232
2442
217
4273
2207
7027
407
7212
4277
3447
2031
3321
742
3201
213
7177
4033
3121
3137
3032
142
4022
7172
7412
2114
7344
4021
1737
1720
1304
7300
1710
2770
4211
1342
4734
273
171
404
2071
4004
142
4723
4340
4303
30
14
3743
3410
3731
3177
1301
3337
120
7034
3047
7342
207
4324
2112
7412
311
131
7110
422
2217
2114
3700
2701
7772
4140
237
4124
232
21
1032
4224
4013
7140
241
1417
3133
7223
41
1077
4211
4407
2324
3077
3721
724
2073
4271
2147
1070
3770
203
1303
3330
1021
470
3132
7420
1712
7131
7024
3343
4204
