171
722
201
344
141
110
102
700
311
113
231
373
142
11
701
413
101
14
113
311
102
304
70
142
11
300
311
372
712
114
331
723
701
413
3
14
231
111
212
220
37
410
701
710
211
107
174
132
124
11
101
123
233
310
721
313
101
141
711
741
412
103
174
111
131
114
123
314
141
411
710
312
472
131
410
421
101
4
410
310
217
137
111
710
121
111
71
121
101
214
470
17
11
11
20
241
170
702
234
101
177
133
1
201
402
141
710
111
111
111
710
171
721
144
340
2
171
101
414
101
244
110
4
11
301
317
210
74
100
101
371
321
404
111
131
17
112
700
417
120
114
124
74
141
741
774
1
707
211
413
300
1
701
120
411
112
117
201
130
237
131
0
104
314
111
100
32
401
400
310
140
200
11
121
130
34
141
14
320
21
141
101
411
141
301
200
117
201
117
220
202
441
100
313
131
47
10
111
421
217
321
714
11
711
712
201
11
211
111
10
117
311
7
117
412
141
124
100
111
311
407
11
121
41
117
710
230
101
171
43
121
712
424
233
711
207
221
104
244
1
7
41
234
171
27
131
140
121
430
74
177
112
101
12
13
41
17
211
331
3
770
44
41
717
311
711
771
311
331
433
110
140
441
213
410
720
222
217
417
171
143
41
110
100
411
702
172
410
710
711
421
712
100
11
300
14
111
140
711
114
141
71
213
714
743
412
274
37
17
707
221
110
177
270
472
47
311
114
111
111
102
30
421
443
0
122
414
401
30
411
130
131
401
447
230
107
473
40
444
221
412
403
177
110
742
401
107
107
131
110
401
141
401
111
711
14
131
241
113
110
140
301
110
241
302
41
77
20
231
110
44
104
134
11
0
114
43
14
410
110
111
414
324
404
321
701
107
114
211
13
4
713
313
207
110
241
104
121
133
402
12
100
12
400
13
473
117
442
131
173
133
443
171
320
101
31
113
110
71
20
11
711
31
731
101
1
410
104
4
232
107
227
111
1
311
111
47
147
143
100
721
13
11
11
473
111
317
413
103
11
711
101
34
113
313
111
177
14
177
123
337
111
103
411
701
110
103
200
112
111
410
2
341
124
711
123
0
700
227
421
11
201
273
701
111
130
121
111
120
130
741
321
101
441
71
147
173
10
173
11
221
140
111
112
113
113
474
123
212
714
1
303
111
347
711
341
21
241
101
11
413
110
30
111
11
21
733
77
107
271
100
131
127
770
11
121
121
221
112
124
7
3
400
110
211
301
110
7
100
431
711
110
102
100
201
721
302
123
112
111
407
141
301
41
11
201
104
311
0
0
33
222
13
127
10
173
123
107
111
113
371
177
171
314
110
100
14
111
241
112
711
171
111
314
301
100
311
310
730
371
122
340
404
10
100
10
404
113
431
101
110
242
412
114
32
2
141
111
104
410
21
101
210
722
117
211
721
311
474
411
204
410
21
140
111
113
710
11
21
111
77
13
110
311
111
34
111
217
112
322
403
112
0
121
11
110
131
300
121
131
102
111
111
114
432
311
301
174
11
114
711
411
311
104
121
131
711
411
441
341
10
121
112
73
100
10
301
111
777
13
100
140
10
201
104
331
100
124
700
303
101
117
127
101
131
114
40
77
201
17
411
404
177
130
42
401
131
211
111
474
71
117
101
117
131
141
110
11
103
303
211
22
213
421
171
27
70
401
132
100
131
703
372
143
1
400
2
101
104
330
103
102
221
131
111
273
741
100
100
407
144
411
440
207
113
112
73
412
171
701
100
444
11
173
114
121
313
12
373
210
104
711
311
211
32
773
241
311
111
173
33
177
341
737
244
171
111
100
220
321
711
120
411
11
314
101
1
731
101
331
73
371
701
710
111
121
4
310
242
173
111
714
123
120
71
142
310
130
147
117
100
310
111
723
331
112
11
111
704
770
12
11
111
400
101
711
171
1
141
103
111
241
11
222
111
202
172
170
201
300
117
411
74
111
317
414
101
121
143
141
741
31
23
214
417
101
311
221
117
301
111
101
3
300
710
302
177
400
170
221
72
320
334
114
441
307
111
131
200
407
431
117
132
311
1
114
12
111
444
22
100
217
411
117
171
112
204
414
103
301
112
111
112
110
10
140
170
101
311
100
171
403
0
410
113
241
10
712
314
744
711
27
11
102
110
111
3
312
431
111
231
707
421
172
201
101
747
112
121
117
313
214
141
112
411
111
441
124
111
271
212
114
333
171
12
121
111
113
140
717
201
101
100
300
13
311
231
341
141
111
12
110
22
111
124
33
111
10
111
21
401
110
141
103
141
374
44
23
421
13
102
311
100
177
240
12
110
11
241
107
200
147
1
0
117
111
130
4
311
711
31
771
40
110
221
102
211
411
437
113
123
330
101
423
724
270
41
112
104
100
440
102
303
444
411
200
411
10
311
170
101
17
14
121
133
24
714
111
271
41
472
400
171
112
714
770
431
114
1
111
742
241
7
311
21
137
271
107
170
33
741
301
301
141
112
117
711
72
14
310
201
31
14
104
13
100
170
74
73
401
231
433
103
441
311
77
710
10
207
0
107
741
111
213
10
111
411
311
404
110
11
401
171
404
117
312
114
313
172
3
71
700
111
13
332
20
1
313
114
201
107
300
21
141
470
111
410
124
100
121
111
131
140
210
720
110
302
310
21
411
213
101
412
140
141
710
112
301
2
102
111
111
713
73
73
143
13
123
21
171
214
171
313
277
17
17
371
71
310
437
223
137
40
241
42
124
473
777
211
431
11
110
472
310
232
713
112
441
704
111
141
420
10
104
12
113
70
71
201
311
213
170
473
207
11
431
137
100
31
411
171
420
111
210
221
110
142
1
771
712
172
71
103
120
43
414
14
70
211
111
441
71
171
12
211
711
424
111
3
144
47
31
370
711
114
117
110
111
11
140
13
414
121
721
104
201
311
170
212
411
113
104
237
104
401
714
442
42
311
124
210
110
201
141
243
77
341
70
71
111
712
111
110
433
221
11
121
111
727
141
211
711
1
21
301
471
171
111
41
710
112
114
111
110
410
3
107
701
270
21
133
111
0
114
41
371
741
10
112
311
13
121
371
137
11
111
431
241
111
1
312
131
734
332
140
201
471
114
170
212
210
214
211
137
1
17
117
124
732
437
730
11
20
31
142
100
413
141
170
111
203
114
3
470
271
140
124
170
33
141
171
300
21
17
141
207
110
332
112
747
101
113
113
14
731
17
11
12
34
21
111
300
740
123
10
13
111
270
117
101
111
311
11
734
241
134
121
121
413
72
407
410
741
141
111
370
411
712
317
11
111
131
447
300
112
230
111
111
103
723
114
134
7
33
441
114
213
771
127
441
140
111
444
101
100
112
10
320
217
301
117
231
741
11
113
124
133
310
403
401
301
134
701
111
127
171
1
11
113
101
13
1
33
341
723
11
331
32
174
100
721
720
3
141
414
47
171
33
122
721
413
17
100
17
271
241
10
301
273
710
420
314
411
101
131
111
214
14
710
111
111
333
20
41
110
114
133
313
114
401
210
170
711
214
771
131
131
111
231
704
234
217
111
117
311
700
3
14
103
11
210
0
401
344
714
311
142
130
117
710
370
14
143
231
210
174
111
11
10
402
220
230
711
703
142
11
317
73
127
142
110
300
120
171
114
774
311
240
114
471
72
101
707
731
213
40
771
111
11
113
110
0
70
404
301
217
700
271
303
324
701
141
203
141
30
410
214
110
171
101
211
433
311
134
711
137
114
41
110
141
11
401
370
771
411
21
137
170
201
110
77
100
11
11
172
111
12
701
113
414
114
210
12
110
101
237
730
23
111
111
211
201
273
132
10
100
10
171
377
201
23
214
173
131
701
111
101
413
77
7
421
211
77
204
27
117
100
110
110
317
111
171
311
10
110
100
432
311
134
111
211
13
100
111
201
301
124
112
214
340
10
20
111
131
110
321
121
114
21
21
117
732
7
2
1
103
101
121
171
331
11
100
414
112
171
1
411
134
471
11
111
124
112
140
117
27
4
43
130
111
704
701
112
210
714
731
140
704
410
123
401
770
403
204
121
173
211
24
134
304
301
22
111
172
111
141
302
171
404
341
113
101
111
13
123
310
301
111
121
210
217
101
212
141
111
131
30
407
130
241
313
470
117
711
102
177
110
717
171
130
341
174
432
110
117
713
410
312
110
123
201
140
111
103
441
311
301
211
14
132
70
201
110
211
402
123
201
770
171
210
112
7
327
110
201
174
100
400
144
170
112
123
440
131
137
111
100
101
331
43
221
477
100
100
102
411
411
12
111
201
440
314
131
400
101
777
232
413
710
400
1
302
110
422
101
111
14
120
101
122
702
101
431
241
372
701
0
112
140
313
111
700
131
202
731
247
77
110
110
744
411
340
441
37
10
113
117
371
201
104
117
107
112
141
322
114
71
300
220
411
132
710
11
302
100
10
444
121
117
301
40
130
474
101
341
771
10
400
40
123
123
737
371
707
341
170
110
417
103
131
122
124
111
142
710
110
11
11
314
77
111
7
7
41
2
110
413
107
433
131
174
412
37
324
170
313
133
302
312
113
701
701
1
221
177
131
720
311
710
270
117
173
204
712
143
420
33
141
70
710
100
711
712
170
412
10
174
42
420
111
107
20
312
774
173
4
111
3
102
14
200
411
702
700
141
43
724
17
112
113
121
14
11
1
717
717
347
701
101
300
717
731
107
214
123
227
112
10
217
341
71
0
110
411
311
271
203
104
707
140
741
210
77
101
411
331
401
370
110
113
134
4
113
447
711
234
1
123
132
141
211
742
302
711
14
141
103
270
7
31
20
730
733
714
472
17
231
711
711
111
271
71
111
300
2
31
111
414
131
110
11
241
144
414
177
311
374
311
213
100
213
141
441
100
141
777
431
121
111
70
131
334
111
411
773
724
117
14
721
112
700
407
13
122
142
103
101
300
110
222
404
117
311
172
110
123
201
210
43
113
724
12
21
70
0
112
120
114
103
721
703
311
42
311
23
273
117
131
117
134
720
11
121
772
447
712
744
221
331
0
101
303
721
131
0
711
711
102
314
42
104
101
41
10
44
11
1
171
34
11
732
413
104
711
242
401
343
231
13
411
172
40
314
114
1
100
100
342
33
714
413
210
411
37
121
11
211
211
711
224
711
101
177
104
21
337
274
211
77
110
301
1
141
423
11
311
411
417
241
410
170
114
771
411
711
111
714
410
132
123
73
124
1
122
11
0
201
137
401
303
141
13
47
720
0
271
301
21
412
111
707
124
101
111
710
11
332
111
200
101
333
71
12
702
133
121
114
740
131
410
131
720
420
147
37
121
114
311
171
201
130
121
11
201
103
411
3
711
714
270
101
174
471
311
31
114
10
311
711
271
137
440
143
441
310
41
411
101
341
1
37
111
111
410
113
122
222
111
710
174
130
741
220
271
131
217
0
131
111
272
232
732
114
14
700
110
214
111
171
113
241
410
473
471
111
13
33
141
117
37
100
213
70
114
71
210
140
441
311
300
211
310
341
101
311
201
142
171
4
3
210
122
114
713
410
71
11
313
173
117
322
213
140
317
227
211
414
234
17
170
111
177
12
117
33
21
370
414
177
317
210
211
710
317
210
104
313
703
114
774
141
140
271
711
134
110
113
131
121
131
221
121
431
211
111
44
101
411
310
410
111
414
323
411
140
112
23
231
111
711
103
2
271
101
311
104
131
112
0
111
701
317
111
17
772
30
110
127
170
17
111
11
711
121
711
410
131
101
20
111
270
171
101
101
71
341
107
210
211
113
117
320
774
101
310
32
171
11
707
147
241
131
110
114
713
137
403
111
70
110
3
132
113
122
204
102
177
241
101
424
41
114
101
411
414
113
310
171
111
131
127
113
211
431
212
31
12
420
107
43
117
11
704
0
211
134
447
211
141
121
204
114
230
20
111
130
111
110
311
111
100
310
12
114
411
10
707
321
10
421
111
310
710
470
312
171
317
301
712
711
401
231
7
437
711
210
11
133
111
414
141
110
130
112
331
111
11
701
102
114
721
220
313
113
373
140
214
117
430
430
772
401
101
312
701
11
111
211
101
401
110
401
171
213
111
114
271
121
231
143
141
313
211
714
433
311
41
140
432
771
112
211
77
377
113
240
17
717
102
430
317
27
210
313
101
421
373
110
20
313
472
711
324
241
127
33
113
137
10
172
330
11
323
111
141
147
111
17
100
103
171
401
371
102
111
2
120
110
70
700
171
147
140
432
310
701
117
10
141
31
231
114
122
321
102
732
247
110
111
120
111
113
321
142
111
213
113
14
101
320
111
410
147
101
110
121
124
12
141
114
200
212
114
441
707
330
271
134
211
113
102
10
717
111
111
223
103
11
100
11
101
430
774
104
21
130
31
442
104
137
104
114
11
427
1
731
734
217
117
113
102
144
311
14
221
143
270
131
13
12
12
40
171
121
110
730
24
737
147
110
111
1
70
70
211
141
20
131
10
12
27
701
134
111
27
223
470
23
17
112
7
202
313
331
404
111
111
101
711
711
111
410
711
130
103
200
412
111
121
401
413
101
271
247
44
434
233
120
411
734
74
721
101
177
310
131
11
111
171
17
211
121
771
417
100
212
211
741
231
12
102
317
471
311
11
117
341
112
271
10
117
202
114
171
110
101
71
11
401
117
777
411
310
310
207
311
141
111
11
101
131
107
423
131
103
11
1
430
774
121
311
117
417
217
111
117
101
0
111
134
111
301
111
40
10
21
23
411
340
231
43
141
437
131
121
131
371
104
701
120
401
121
711
111
210
130
20
313
701
111
410
141
110
131
177
100
101
112
114
117
104
113
71
170
111
330
301
371
70
120
111
171
317
1
771
311
111
771
41
712
717
30
341
110
11
111
31
171
10
204
110
11
340
121
111
117
120
231
122
110
120
131
111
17
102
311
247
210
111
140
213
124
111
211
107
371
174
110
422
117
311
721
711
110
12
771
111
121
211
213
110
310
11
141
14
42
101
414
7
101
732
310
201
202
172
211
71
111
120
203
120
311
434
0
13
201
71
1
141
442
313
771
401
42
400
217
172
273
472
247
147
711
142
111
312
740
211
774
200
127
701
110
110
710
141
171
131
14
771
112
110
303
101
411
1
111
41
270
112
1
401
120
121
710
117
147
712
111
134
27
173
120
71
21
271
140
41
131
111
107
2
110
411
271
132
121
473
0
43
371
11
370
1
111
173
101
112
11
111
410
111
440
21
113
714
17
33
111
220
110
710
111
130
111
140
401
277
111
27
141
41
401
702
217
21
111
1
113
323
14
310
127
111
222
114
101
400
747
144
201
137
321
114
11
701
100
110
111
170
324
11
102
172
11
173
131
144
113
103
101
170
133
1
121
341
320
14
102
213
171
1
211
747
271
407
210
211
171
310
111
107
111
10
313
713
313
201
771
420
701
101
330
21
111
704
772
110
41
111
270
310
374
331
111
110
114
11
121
110
147
111
202
111
772
730
107
40
117
101
717
31
111
412
121
311
211
11
312
710
144
111
371
100
211
12
177
70
701
171
11
111
141
113
311
313
201
113
337
310
770
112
11
11
111
174
0
111
122
212
421
131
217
277
411
111
114
210
0
111
412
103
11
210
171
111
111
117
31
114
103
141
710
101
210
41
307
103
101
231
41
113
231
11
311
101
111
0
313
141
211
2
114
143
430
211
111
1
111
17
341
200
217
111
430
101
0
131
444
101
170
232
111
371
31
110
201
173
411
421
14
421
101
171
132
110
111
402
414
270
417
113
413
702
330
100
17
771
101
113
130
101
31
17
712
331
170
431
22
103
101
101
130
710
110
120
11
711
113
110
213
171
411
101
204
107
201
111
124
411
430
741
434
131
140
111
111
30
211
710
341
411
171
301
14
107
710
17
140
117
200
11
12
173
141
40
13
113
117
111
120
12
313
221
710
41
431
111
114
221
111
110
74
0
471
121
410
107
140
331
121
133
742
33
74
707
114
103
170
704
441
110
177
113
111
231
44
27
434
10
700
101
114
110
111
311
470
100
134
0
140
120
112
11
101
411
111
112
102
130
122
141
170
431
213
117
120
232
144
111
122
70
107
411
11
147
140
777
242
17
104
411
214
311
114
100
131
701
111
110
34
11
133
202
113
111
411
140
10
107
300
111
14
273
722
410
71
71
771
24
413
132
311
427
111
707
700
311
121
111
17
171
103
242
311
34
114
170
121
11
103
113
113
701
213
770
121
101
141
223
310
141
112
417
730
100
11
12
111
111
73
340
114
244
714
131
321
70
420
211
371
131
4
411
134
111
2
121
111
141
734
11
104
311
410
111
114
311
101
101
21
411
414
123
141
710
120
211
711
710
21
700
101
411
210
704
404
411
301
111
20
13
107
11
713
133
112
710
40
110
17
137
71
201
211
111
430
203
112
211
307
327
0
401
120
141
110
121
110
471
231
111
34
171
7
11
717
101
144
110
123
71
421
210
101
11
113
401
114
373
747
317
100
104
703
140
11
171
37
371
213
272
100
23
100
140
10
410
247
210
13
412
114
111
311
10
37
121
410
1
43
713
11
134
144
100
131
230
701
117
720
100
11
130
32
113
731
441
412
724
211
141
100
301
121
341
714
27
113
124
11
720
471
111
10
132
400
710
207
101
110
311
11
317
100
14
117
101
771
120
311
111
117
121
110
110
302
1
30
110
731
371
470
721
317
321
101
410
117
433
11
447
711
240
12
171
17
341
417
211
103
142
30
111
371
313
441
1
137
111
400
173
70
371
312
112
127
131
412
712
704
10
22
221
117
174
17
111
711
410
312
771
401
23
107
712
11
173
101
410
130
201
374
201
210
101
33
211
731
402
404
121
121
174
742
101
241
111
220
14
142
173
111
140
311
231
173
1
311
431
111
117
722
31
374
171
121
41
104
11
30
740
111
171
111
0
102
101
104
10
321
171
774
230
341
13
270
13
117
143
144
101
30
111
702
314
141
441
423
201
133
1
101
737
40
113
377
140
111
11
11
440
342
411
172
41
11
140
711
701
111
114
113
102
110
123
21
271
707
312
11
1
111
71
412
111
371
141
312
10
314
111
414
310
111
74
21
110
771
234
113
72
12
171
134
31
71
304
100
71
303
111
311
221
127
111
100
7
101
110
12
307
111
170
113
110
41
100
200
412
711
10
110
411
441
132
271
22
114
717
211
211
170
301
404
401
131
1
401
307
317
122
101
417
77
314
111
70
720
410
121
147
447
721
114
10
327
341
133
441
771
111
170
211
131
30
741
201
341
414
110
340
117
142
132
111
171
111
244
4
207
211
144
117
271
327
11
210
11
114
1
3
742
127
101
470
210
101
111
147
137
323
214
113
104
114
704
171
23
417
401
447
234
111
111
213
113
701
117
3
714
101
400
41
14
100
277
347
124
101
111
114
3
207
117
43
141
211
10
111
110
310
147
114
123
110
7
71
703
231
221
111
41
731
10
711
711
440
114
13
301
27
203
714
71
310
131
17
311
703
30
141
170
121
300
110
171
100
113
100
111
33
727
74
222
140
44
100
407
310
11
111
141
170
203
11
101
103
100
711
13
122
111
111
11
103
231
721
102
131
200
101
111
40
30
11
117
12
714
311
211
107
147
22
411
141
121
104
240
13
100
370
100
114
301
0
101
211
1
121
102
217
401
114
210
144
307
474
371
117
424
11
217
441
124
114
40
710
413
241
174
771
110
112
211
400
107
110
473
31
21
101
113
170
133
307
741
300
131
71
231
104
211
414
174
217
11
101
7
3
410
313
104
111
113
101
114
301
27
144
110
13
110
42
472
117
172
207
11
410
17
11
403
120
172
1
4
210
113
30
1
211
110
117
121
717
127
147
41
334
272
714
43
411
13
110
41
110
10
711
170
311
143
14
713
13
172
11
242
710
101
77
110
770
710
741
71
111
71
110
117
101
710
31
701
31
174
131
332
143
110
441
73
310
414
421
122
430
210
121
111
43
0
131
113
3
771
14
711
471
101
174
10
113
110
113
110
101
133
100
120
271
211
10
101
211
723
31
314
111
713
121
111
11
242
217
131
120
20
313
712
714
123
111
311
102
141
712
414
71
100
31
324
100
313
100
721
714
127
142
311
401
10
101
411
131
74
110
111
310
101
74
214
110
117
111
37
101
42
121
112
373
100
101
207
312
0
230
714
222
141
77
117
471
473
101
70
171
313
130
201
100
13
122
127
130
310
171
447
10
121
201
411
201
100
331
730
141
423
473
171
410
11
111
412
771
701
410
17
111
104
111
11
102
101
711
30
317
117
30
231
137
404
17
10
11
114
113
410
171
44
144
10
117
441
111
211
412
233
111
124
141
111
111
240
102
132
311
311
202
31
721
123
2
311
31
17
141
172
71
211
132
440
1
133
711
144
211
111
111
214
112
271
120
112
102
111
31
104
123
210
417
101
21
141
401
111
111
4
12
11
323
40
110
71
431
202
412
13
270
131
137
71
110
101
311
132
111
111
213
471
1
423
411
310
14
431
711
11
121
122
401
20
21
101
20
101
201
442
400
431
710
321
13
411
127
717
200
771
300
401
142
144
313
321
11
11
177
131
111
100
412
331
77
21
110
7
101
422
302
232
170
170
131
214
224
111
111
111
77
141
141
102
711
341
111
372
110
421
102
243
102
713
111
771
11
110
411
324
412
311
711
11
1
11
747
121
147
17
171
114
17
723
11
1
240
1
322
713
373
770
13
301
114
11
173
101
100
101
112
102
221
111
12
231
370
113
417
114
21
437
111
11
137
113
313
0
404
404
330
7
21
230
140
10
741
710
111
34
311
341
110
170
712
431
411
41
44
241
110
211
701
102
142
171
211
111
130
271
773
4
110
431
702
0
420
211
717
311
211
0
111
131
447
744
13
143
1
101
110
110
111
471
712
313
740
211
110
171
304
71
711
172
771
131
111
100
113
217
124
411
701
111
47
140
142
317
123
114
113
111
724
37
203
211
747
101
341
112
142
434
110
401
372
172
12
113
134
17
170
122
14
112
271
177
407
414
132
117
310
711
101
271
332
714
101
334
120
32
134
10
710
423
1
710
310
401
214
132
111
41
474
300
140
730
101
400
112
120
111
110
341
43
131
73
121
701
317
110
17
323
41
410
324
114
171
410
420
101
121
172
207
111
111
10
171
111
411
11
414
0
104
414
111
700
310
14
114
12
130
114
0
111
101
110
301
211
331
327
41
110
113
447
141
2
731
111
41
111
171
1
447
371
117
311
311
111
210
123
3
210
714
200
440
404
324
121
111
131
101
132
110
702
204
404
71
112
101
122
4
110
131
10
117
471
200
177
434
710
10
101
101
14
707
400
410
103
143
1
2
414
11
371
110
114
220
114
337
1
744
20
114
270
207
17
1
424
107
701
103
11
700
111
411
72
74
700
141
21
401
40
114
770
110
110
141
111
117
124
110
111
117
701
101
141
210
171
72
170
110
414
121
117
33
213
472
373
10
214
231
113
111
321
111
123
201
134
211
110
172
200
141
103
170
110
17
111
211
10
711
101
11
311
121
731
700
123
202
14
314
112
411
131
124
243
30
400
370
11
217
111
714
101
73
732
11
73
117
101
110
412
334
134
14
121
20
111
101
421
121
71
311
137
130
171
142
211
404
123
441
71
771
301
0
417
112
11
140
471
411
100
217
433
21
201
123
201
111
4
22
331
471
471
117
107
144
137
117
10
742
14
217
110
204
213
173
711
40
133
171
113
147
721
704
214
141
201
370
723
472
142
101
713
120
771
110
411
711
1
101
112
110
111
101
114
134
317
143
310
127
203
111
441
120
21
111
410
400
177
40
13
17
111
241
400
241
114
134
10
312
331
131
117
104
371
131
120
132
1
10
301
13
127
171
11
171
11
110
11
112
4
214
141
773
41
14
434
311
41
171
417
434
741
101
342
330
70
777
713
13
324
730
433
111
211
13
12
171
21
74
710
213
141
770
214
730
111
132
437
321
210
101
71
101
270
27
434
20
12
340
24
430
217
337
31
341
31
137
120
700
144
437
321
701
730
271
30
31
111
201
111
113
140
104
104
113
341
40
121
211
441
400
7
121
31
410
111
227
431
103
112
101
731
21
700
314
711
111
410
211
330
170
117
411
20
30
111
712
111
212
331
177
110
140
731
741
173
174
121
101
11
101
712
111
17
271
240
711
141
331
113
40
311
447
401
33
103
117
202
101
711
240
34
120
440
42
301
404
131
101
121
430
111
110
710
720
110
720
331
311
720
211
212
341
1
131
714
714
10
411
127
404
113
111
340
111
123
20
41
170
441
111
311
730
320
112
100
411
112
113
110
107
321
32
710
211
100
211
32
131
47
217
137
101
131
301
314
171
310
120
707
112
0
30
121
171
331
21
34
342
307
11
713
171
3
12
132
772
442
772
473
12
311
112
314
7
111
733
21
731
711
113
431
117
124
17
2
142
131
374
7
401
111
117
312
440
100
321
11
212
704
301
12
110
12
171
1
102
121
21
717
323
701
700
121
212
417
17
111
700
243
333
111
471
102
111
0
410
131
140
110
101
311
107
131
1
110
110
100
71
171
103
717
1
717
731
201
112
743
234
101
3
14
432
41
112
21
114
271
11
131
141
102
172
211
410
210
310
417
747
20
400
731
773
111
114
100
207
307
120
21
171
114
34
107
1
101
111
431
710
141
113
117
312
143
217
171
12
270
131
323
202
103
113
33
113
110
4
34
123
24
10
374
414
17
214
704
110
131
430
1
401
302
141
40
211
414
107
117
11
321
211
401
201
113
110
171
172
32
337
1
477
111
130
403
111
700
11
117
111
171
710
101
110
43
127
217
704
214
701
207
211
117
107
213
421
247
103
112
310
312
114
711
431
117
170
170
401
211
131
131
131
121
713
12
412
110
321
421
111
103
117
213
140
711
10
310
171
134
111
111
137
270
417
71
101
40
414
110
177
101
113
17
11
31
300
11
117
104
110
111
101
31
711
117
34
411
11
310
11
114
300
711
713
210
10
771
111
211
700
111
371
341
101
311
311
711
1
311
103
214
320
311
111
211
411
13
110
11
227
31
124
217
21
112
301
301
430
10
213
324
707
414
331
100
0
131
440
101
1
210
130
703
121
204
710
113
114
121
171
21
773
411
711
140
130
111
4
471
701
12
11
10
1
17
122
40
431
20
121
111
421
172
140
240
142
14
143
121
310
110
414
10
143
104
11
110
12
731
317
104
200
101
111
71
401
101
142
307
714
114
171
111
407
312
407
137
101
473
33
731
101
173
110
4
177
110
140
342
231
420
713
111
200
312
417
127
100
32
714
240
101
10
14
17
331
211
371
11
42
101
211
37
0
211
111
111
701
27
130
4
104
210
131
712
111
274
104
114
337
414
111
224
11
114
147
474
211
103
171
277
70
211
101
111
130
111
327
211
411
111
201
10
174
711
233
121
11
414
103
101
701
30
131
144
130
212
117
101
112
111
444
410
730
114
110
101
130
132
142
22
7
130
331
211
2
4
411
170
114
111
111
130
201
311
131
712
417
437
4
22
111
31
410
212
232
11
131
421
204
102
432
114
337
374
171
701
211
70
341
340
110
771
711
214
270
474
341
312
711
413
11
721
23
100
411
13
101
770
0
410
111
1
301
174
17
100
774
112
4
111
110
131
120
71
11
102
140
403
17
10
11
141
331
311
147
120
131
711
121
11
441
71
23
123
10
100
271
111
771
411
721
477
711
711
113
411
111
110
302
303
300
401
111
104
172
141
174
71
214
1
407
123
721
401
411
231
1
11
111
201
17
710
711
414
170
112
311
101
770
771
11
121
34
120
31
302
410
121
201
4
322
377
112
371
110
137
107
703
113
102
314
30
744
230
411
727
110
117
31
232
410
7
220
11
710
211
137
414
31
111
133
100
271
101
130
107
44
4
744
101
432
2
111
27
441
0
107
217
311
117
371
110
11
171
111
211
401
11
700
10
111
132
130
171
111
401
131
411
300
100
102
171
417
171
233
301
433
177
30
741
17
40
711
101
433
220
173
420
141
41
112
301
311
40
77
31
24
317
131
313
101
110
73
70
1
121
107
210
133
71
731
123
21
101
112
211
110
424
117
0
321
102
323
11
112
170
100
21
213
3
10
471
110
11
300
114
217
10
0
114
731
137
17
120
11
220
131
371
117
11
740
212
413
10
700
77
170
171
211
303
112
100
344
212
212
707
111
231
111
411
100
400
104
211
123
114
211
402
173
4
147
311
101
214
147
13
172
107
111
111
17
712
144
311
110
331
241
417
702
140
110
101
130
110
100
112
14
317
413
141
224
473
21
70
101
111
227
131
210
101
211
140
113
170
700
134
411
317
131
717
40
111
311
113
231
714
113
303
170
14
111
110
302
10
10
122
102
103
401
711
17
341
320
710
1
11
131
741
14
112
712
107
100
172
304
111
431
220
272
317
41
143
311
101
110
421
473
117
101
41
372
121
331
173
1
471
0
71
121
12
121
411
133
111
30
121
103
124
472
111
201
111
70
171
101
100
710
137
702
104
304
101
132
111
110
11
137
401
417
107
110
221
14
11
110
31
111
110
237
71
740
41
211
10
131
112
102
410
301
110
10
141
31
374
417
440
11
41
101
773
310
113
17
121
211
174
401
321
121
277
737
11
147
102
310
431
231
24
114
234
111
101
7
101
371
101
774
344
711
104
412
317
17
17
111
7
11
410
11
11
41
311
770
701
21
104
231
112
3
341
374
441
101
111
111
211
113
171
210
100
110
110
310
113
171
230
10
411
340
171
134
321
437
132
211
212
111
10
111
112
10
431
121
223
147
331
11
712
107
111
731
321
111
170
1
113
710
421
11
147
212
114
10
112
211
110
70
101
130
470
320
177
111
170
111
171
711
113
101
40
234
700
4
412
140
170
142
111
247
104
31
141
114
711
121
100
1
1
477
221
334
131
442
11
111
11
311
134
0
10
302
112
117
720
237
421
370
70
101
401
111
722
11
101
37
101
14
771
3
112
70
17
301
110
22
171
40
131
114
1
100
177
400
272
27
140
100
110
203
274
333
31
312
111
421
211
410
133
411
314
210
431
421
12
113
117
310
347
307
213
31
111
101
110
122
14
21
144
10
411
411
20
430
24
41
111
123
113
700
371
111
32
132
310
403
100
273
11
112
104
411
113
142
417
110
412
117
114
30
1
30
714
11
7
201
110
330
112
110
311
111
143
700
414
173
110
240
431
211
101
732
771
21
17
314
110
111
110
2
2
301
124
401
100
101
704
3
117
437
714
130
72
701
3
100
71
731
171
110
131
131
111
32
313
40
714
244
720
201
420
711
271
12
10
470
112
312
117
22
1
377
271
1
711
111
234
104
204
411
713
10
441
743
214
213
41
411
107
212
117
214
11
310
124
424
430
111
111
227
112
174
730
100
14
101
740
114
711
111
311
201
11
400
121
131
214
117
141
112
171
221
171
130
430
203
117
121
201
11
174
702
711
221
717
741
332
711
372
331
121
310
114
234
312
422
241
102
471
143
737
223
772
311
241
211
213
401
100
31
104
7
104
41
721
743
41
101
110
111
111
121
443
110
241
112
21
102
13
112
10
133
11
711
117
2
711
711
121
107
110
211
200
112
213
11
140
121
227
411
130
110
110
327
127
270
134
211
137
144
221
471
420
171
1
174
711
130
172
747
720
702
321
214
210
713
7
113
111
712
411
103
747
212
24
11
712
107
110
313
42
111
1
202
401
122
103
410
124
3
141
101
103
112
207
1
100
124
311
131
117
110
104
137
3
32
130
100
37
113
112
412
711
732
143
731
111
72
342
12
0
41
317
710
401
31
11
312
120
111
113
323
424
111
101
211
211
31
110
311
211
11
70
713
404
40
117
201
442
111
102
213
172
114
217
311
312
211
400
243
212
112
111
12
32
71
131
171
400
411
372
221
11
140
413
201
173
441
40
114
121
131
111
711
344
711
321
30
143
707
404
1
772
10
371
134
113
111
110
421
771
171
703
411
400
14
411
11
434
10
213
0
320
101
430
20
214
771
31
141
40
212
410
13
113
122
21
313
771
377
373
112
74
11
32
111
3
32
731
333
241
111
441
42
141
101
111
713
233
437
141
117
314
217
131
144
111
700
204
311
701
111
314
471
112
1
700
40
310
274
314
11
3
107
111
400
4
741
322
122
402
110
0
314
11
211
31
241
301
711
234
11
711
213
41
301
1
101
147
341
203
722
101
471
10
177
710
121
311
11
340
321
143
411
131
114
111
411
1
103
141
11
3
114
201
770
111
120
0
377
441
210
213
100
101
110
100
33
17
100
103
141
124
312
11
14
73
170
411
73
70
20
21
107
1
111
100
110
107
173
711
37
110
127
101
201
11
222
143
773
111
437
22
103
471
111
341
120
470
710
171
41
331
401
711
370
213
310
111
43
11
104
41
20
117
710
140
177
701
711
11
373
101
71
104
100
1
140
700
141
131
20
403
241
202
117
71
710
314
121
141
300
30
221
111
174
3
171
4
300
211
117
173
701
140
101
710
113
10
113
211
370
13
112
117
313
110
101
111
34
111
114
133
721
411
711
103
111
100
310
311
110
721
43
141
103
111
127
111
420
107
171
241
402
111
4
271
70
110
717
110
314
117
173
73
173
130
410
710
411
73
41
11
21
1
721
411
123
140
421
77
71
412
121
222
101
101
241
0
740
170
117
331
10
211
241
22
113
21
111
101
10
714
421
101
141
100
717
301
110
117
431
0
3
320
223
117
101
101
172
31
112
41
444
214
321
213
111
124
1
272
200
121
737
114
117
31
411
441
11
321
71
7
47
140
131
112
301
141
120
711
270
101
111
141
113
143
111
110
107
122
237
114
110
424
101
111
171
103
121
131
107
141
417
113
111
1
112
317
234
110
11
171
213
114
31
213
701
13
10
112
110
320
110
117
7
11
11
131
143
711
101
111
414
701
211
71
701
114
344
1
217
4
307
122
114
77
100
141
211
120
701
214
113
711
711
37
312
113
411
33
111
113
321
77
0
111
111
111
731
301
131
137
121
743
131
171
110
101
143
141
132
330
432
101
101
111
37
101
47
302
13
141
414
17
140
111
104
144
111
10
313
111
220
141
1
131
41
10
111
112
401
103
241
701
710
11
103
111
17
211
210
104
111
301
722
711
210
114
121
111
102
311
134
122
710
10
1
312
121
213
723
440
22
11
303
710
12
3
131
412
110
11
20
414
114
341
10
44
217
141
310
117
101
141
21
300
133
2
107
100
102
323
211
720
771
212
701
111
201
0
301
110
722
171
101
701
22
311
403
300
403
121
11
411
111
111
401
241
214
77
27
101
113
130
240
403
117
144
122
410
201
441
41
240
307
43
13
317
314
104
121
131
403
111
421
71
120
110
7
70
771
717
101
1
131
140
211
422
110
111
301
211
141
10
407
11
410
21
121
114
130
100
272
0
117
771
123
114
11
117
324
710
71
711
730
337
417
271
203
41
110
11
11
401
720
730
143
10
104
110
302
110
70
101
271
101
140
111
177
307
701
701
2
110
110
342
133
141
102
400
127
30
11
114
713
100
101
174
31
7
40
220
12
104
113
111
270
112
714
11
312
400
470
11
274
141
170
421
213
14
213
117
140
0
174
103
313
3
100
20
311
711
340
143
174
731
111
307
212
112
441
110
120
144
137
300
100
213
12
101
410
41
434
414
271
117
101
301
7
721
731
101
102
113
444
13
101
402
102
241
221
137
401
311
107
137
341
11
17
141
170
100
411
11
140
301
310
371
170
111
111
30
701
10
41
211
211
230
144
114
111
21
111
411
304
471
130
211
10
71
114
421
371
111
114
3
112
712
111
24
71
20
314
217
430
113
111
414
401
101
312
143
130
114
422
124
110
10
312
344
141
40
117
717
7
400
31
332
10
11
110
201
11
401
17
173
111
174
171
244
11
134
101
101
101
12
143
14
12
210
713
113
211
200
117
131
131
124
114
233
731
704
114
412
400
340
100
414
172
404
11
177
270
111
773
132
44
113
10
141
10
171
10
113
441
111
37
100
111
2
711
171
132
111
11
777
210
110
310
117
471
211
101
111
124
441
111
710
222
102
10
101
701
313
11
171
200
13
711
477
111
412
471
214
111
230
344
717
431
171
211
317
723
212
707
131
212
10
103
423
713
210
121
714
171
117
131
311
1
211
722
111
310
711
307
174
40
411
120
713
744
130
110
310
413
112
113
7
107
102
3
13
342
131
113
141
274
112
437
713
410
300
1
131
30
311
111
140
174
131
424
177
410
217
14
140
102
211
310
111
401
20
441
241
13
127
210
101
137
141
107
11
101
141
1
31
117
410
100
44
312
277
707
207
113
172
217
433
7
17
747
300
31
11
713
20
411
113
107
471
201
214
714
101
101
314
71
131
112
103
10
110
110
140
110
217
104
421
1
344
301
711
213
210
110
227
731
212
111
330
410
311
211
411
442
43
130
131
100
171
733
721
137
223
771
441
104
472
131
10
74
123
110
417
14
437
113
774
21
213
110
211
410
17
130
110
117
3
114
122
101
112
441
47
111
707
101
0
204
402
144
122
441
120
703
303
441
111
411
422
141
111
310
410
20
1
311
170
341
177
101
141
100
721
14
323
211
313
400
433
710
111
274
411
417
14
437
111
111
421
12
171
70
214
71
123
470
24
23
111
101
430
22
272
322
111
231
170
103
410
0
113
711
143
113
121
102
311
414
713
303
133
702
111
71
431
211
712
212
111
111
111
111
113
10
320
740
410
111
1
114
321
71
77
441
144
122
404
171
723
110
121
410
401
112
104
403
10
211
111
12
407
11
101
20
11
117
121
11
314
100
214
114
702
131
472
111
731
214
311
107
243
711
104
377
710
101
147
710
311
12
231
1
103
111
100
211
312
100
432
103
211
324
742
320
101
401
310
104
71
317
101
471
731
734
2
732
113
202
371
20
133
174
710
101
113
32
12
111
301
23
12
112
3
104
211
130
44
112
111
317
421
114
411
247
314
7
1
214
11
304
3
31
411
7
131
402
474
301
111
231
211
110
331
134
44
334
111
110
1
411
140
111
411
413
210
114
100
331
301
101
217
137
170
321
472
102
111
103
114
40
702
214
311
273
200
71
104
320
114
71
401
111
27
234
110
112
344
131
147
110
411
223
71
771
107
770
141
201
741
10
700
40
120
311
140
711
4
274
430
410
217
100
117
414
120
471
101
37
713
17
117
301
13
310
410
404
221
100
0
121
713
131
700
143
10
141
41
144
713
710
101
274
117
113
210
120
401
121
71
223
303
111
33
101
103
112
14
1
114
23
111
331
17
117
233
420
221
7
1
17
124
241
110
400
137
717
21
110
171
401
103
120
270
10
111
301
113
111
111
141
77
170
11
104
111
317
431
117
117
371
10
31
221
11
411
411
402
111
231
277
231
442
24
131
101
40
100
130
400
477
103
431
734
14
717
70
304
332
747
171
430
34
710
21
101
3
11
111
143
110
201
112
214
14
171
100
7
100
111
114
331
101
111
321
0
770
0
20
310
104
212
710
101
1
101
311
410
341
172
3
71
711
101
411
121
33
101
134
371
142
317
104
341
110
211
114
101
134
17
101
200
133
234
147
112
447
344
401
37
431
343
13
310
110
371
100
433
117
170
110
710
112
104
324
110
270
311
110
471
110
730
431
70
333
134
11
17
211
101
330
123
11
710
32
341
311
113
211
147
32
317
121
170
417
140
11
131
121
117
211
714
730
477
200
700
720
14
734
771
720
711
10
304
401
0
1
214
231
107
747
20
141
111
100
114
200
310
143
20
102
111
440
14
411
220
111
271
174
140
11
411
111
101
110
311
413
111
111
402
221
124
147
437
313
414
411
143
311
221
11
107
111
702
203
237
10
730
111
311
321
410
131
721
120
11
430
303
70
711
112
132
141
370
231
710
301
10
13
11
111
217
137
17
101
211
740
113
311
111
110
112
214
707
127
111
121
710
11
711
234
141
11
120
111
704
340
401
10
111
211
102
0
314
140
101
212
777
310
73
111
11
117
117
412
11
347
213
221
110
11
111
713
122
114
140
421
717
144
217
774
11
371
421
71
34
110
107
102
204
402
300
103
700
117
44
101
722
214
410
111
102
132
140
420
771
107
441
712
144
112
13
431
100
713
147
11
711
443
473
77
201
101
700
111
100
143
40
211
213
172
127
73
121
210
2
210
707
101
340
47
100
71
101
302
710
103
141
4
13
404
40
210
111
11
407
711
300
111
172
10
311
121
431
111
141
100
714
371
101
330
107
111
244
400
120
111
217
311
347
417
130
31
3
110
31
142
101
112
13
241
174
40
331
113
772
113
211
441
10
1
30
121
100
217
300
0
211
131
110
414
132
217
33
14
100
133
131
202
113
70
11
413
100
217
241
111
111
11
11
702
200
314
102
47
11
220
71
107
73
144
303
171
311
104
241
104
430
302
141
101
121
137
131
311
171
101
104
133
111
113
131
23
211
111
10
100
177
131
714
374
107
271
113
104
71
341
311
320
314
401
114
431
174
423
101
141
121
10
214
340
370
107
111
40
120
20
127
111
130
1
11
217
311
341
304
40
12
70
140
414
402
431
300
447
121
211
201
311
401
312
304
134
217
24
341
111
72
101
72
113
121
27
707
134
140
237
117
101
314
400
723
177
24
101
101
404
311
110
317
100
133
421
11
141
102
177
101
131
130
101
110
113
700
312
14
711
401
131
121
341
110
111
112
721
714
131
310
440
701
112
121
403
447
10
11
310
211
214
173
707
471
71
112
101
171
31
211
211
3
43
1
72
1
211
2
121
103
212
0
721
333
100
411
22
77
400
130
147
410
303
420
311
270
111
110
110
710
10
113
113
171
110
227
244
1
111
120
131
702
123
313
111
214
11
110
217
274
171
210
40
301
70
401
2
102
104
120
71
121
11
100
171
721
401
331
43
110
417
740
147
211
14
111
214
411
111
211
41
110
123
17
701
113
140
4
413
477
111
432
414
41
131
111
203
22
141
303
131
101
131
14
313
203
433
131
0
17
431
211
102
141
701
33
143
12
241
11
113
337
313
27
321
311
17
110
224
171
14
711
10
311
3
130
112
122
131
220
303
121
10
124
21
173
17
21
10
1
100
221
433
710
430
0
11
701
400
40
107
101
110
110
11
131
123
14
111
17
111
111
21
427
112
413
147
71
203
347
114
341
110
433
13
310
412
130
12
417
231
111
22
112
107
711
431
111
241
11
120
107
11
120
710
134
33
77
72
114
743
101
101
401
314
41
170
411
173
310
311
10
304
171
11
110
101
243
3
111
731
301
171
701
210
131
111
111
102
0
11
174
332
111
111
10
201
111
134
401
10
11
711
111
414
142
113
211
431
41
13
312
301
1
11
740
111
100
300
371
377
177
110
110
114
100
217
27
41
310
310
71
422
430
100
370
101
147
111
120
10
310
401
770
171
71
110
140
0
213
447
402
320
403
300
711
127
17
717
243
311
74
110
414
237
110
121
310
411
10
1
110
111
317
440
7
1
121
411
417
707
13
111
313
310
121
141
171
107
732
411
401
202
101
322
30
102
102
311
310
432
720
141
300
101
311
241
13
700
40
32
444
470
320
147
341
101
717
411
123
14
117
214
103
701
207
311
110
131
171
0
700
11
3
130
11
240
111
114
717
113
714
103
0
714
102
401
223
210
1
224
210
301
114
111
410
330
417
221
240
14
401
312
171
121
101
114
344
33
410
411
731
134
141
40
311
401
427
741
421
103
102
411
101
101
733
111
141
111
733
423
171
143
114
174
712
724
111
111
121
27
771
121
171
311
432
3
211
14
211
27
412
320
21
32
127
317
110
101
274
731
111
411
112
11
227
113
23
11
111
71
217
410
411
401
104
12
12
132
42
101
30
213
131
112
121
1
100
311
240
112
421
313
101
11
321
440
217
111
111
141
110
111
274
270
11
71
112
110
117
111
11
12
301
411
217
111
170
171
217
110
111
274
114
701
1
101
111
710
104
101
101
471
471
11
300
311
14
111
341
3
114
114
110
272
131
213
31
21
101
401
377
110
274
12
101
111
302
317
11
113
120
171
113
111
402
141
711
141
101
110
100
71
122
100
113
717
131
172
11
11
2
734
120
740
310
20
143
111
10
113
321
141
111
101
104
231
434
120
171
31
111
12
110
171
73
114
311
113
111
410
273
110
141
244
213
141
370
10
131
174
424
1
132
120
733
13
111
137
201
340
71
103
340
121
130
311
111
331
40
2
707
101
410
111
711
701
703
121
111
111
302
302
414
243
111
114
111
701
272
14
113
47
212
121
330
114
141
117
471
120
732
172
1
137
301
431
332
311
141
173
113
120
131
747
103
171
110
470
110
110
142
270
101
233
147
247
112
123
70
41
142
107
100
727
101
120
434
11
110
110
44
123
201
471
137
303
214
24
311
743
134
143
727
210
442
311
111
111
401
27
714
131
200
2
710
717
141
111
123
321
440
4
402
31
400
404
170
111
110
414
104
72
110
370
71
111
234
142
123
170
174
702
270
371
111
423
210
770
130
104
130
112
744
171
133
224
741
221
144
200
413